player|pos|age|tm|g|mp|per|ts_percent|x3pa_rate|fta_rate|orb_percent|drb_percent|trb_percent|ast_percent|stl_percent|blk_percent|tov_percent|usg_percent|ows|dws|ws|ws_48|obpm|dbpm|bpm|vorp
Precious Achiuwa|PF-C|24|TOT|74|1624|14.6|0.545|0.207|0.239|13|20.5|16.7|8.4|1.4|3.9|13.8|15.9|1.2|2.2|3.4|0.102|-1.7|0.3|-1.4|0.2
Bam Adebayo|C|26|MIA|71|2416|19.8|0.576|0.041|0.381|7.4|27.3|17.3|18.9|1.7|2.7|12|24.9|2.9|4.3|7.2|0.144|0.8|1.7|2.4|2.7
Ochai Agbaji|SG|23|TOT|78|1641|7.7|0.497|0.487|0.129|4.9|9.6|7.2|6.6|1.4|2.4|12.3|13.4|-0.5|0.6|0.1|0.002|-3.5|-0.9|-4.4|-1
Santi Aldama|PF|23|MEM|61|1618|13.1|0.539|0.535|0.153|4.7|19.7|11.9|13.3|1.3|3.1|10.2|17.9|0.4|2|2.4|0.07|-0.7|0.4|-0.2|0.7
Nickeil Alexander-Walker|SG|25|MIN|82|1921|10.9|0.578|0.623|0.121|2.2|7.5|4.9|14.5|1.6|1.9|11.8|14.8|1.5|2.8|4.3|0.107|-1.1|1.3|0.2|1.1
Grayson Allen|SG|28|PHO|75|2513|13.8|0.679|0.652|0.216|2.3|10.6|6.6|12.1|1.3|1.6|11.3|14.5|4.7|2.2|6.9|0.132|1.1|0.1|1.3|2
Jarrett Allen|C|25|CLE|77|2442|21.8|0.664|0.007|0.383|11.3|25.8|18.7|13.2|1.1|3|11.2|19.4|6.8|3.9|10.7|0.21|2.1|0.9|3|3.1
Timmy Allen|SF|24|MEM|5|125|0.8|0.272|0.304|0.087|3.4|11.8|7.4|5.4|1.6|0|7.7|8.9|-0.2|0.1|-0.1|-0.041|-10.3|-0.7|-11.1|-0.3
Jose Alvarado|PG|25|NOP|56|1028|12.5|0.54|0.6|0.151|2.7|11|6.9|15.3|2.8|1.4|9.8|17.3|0.6|1.5|2.1|0.097|-1.5|1.5|-0.1|0.5
Kyle Anderson|PF|30|MIN|79|1782|12.7|0.513|0.111|0.316|4|13|8.7|25|2|2.3|15.6|14.5|1.4|3.1|4.5|0.121|-1.6|2.7|1.1|1.4
Giannis Antetokounmpo|PF|29|MIL|73|2567|29.9|0.649|0.091|0.571|8.6|27|17.9|32.7|1.6|2.6|12.7|33|9.5|3.7|13.2|0.246|6.7|2.4|9|7.2
Thanasis Antetokounmpo|PF|31|MIL|34|155|5.5|0.518|0.033|0.067|5.1|4.2|4.6|13.9|2.2|2.2|31.2|12.5|-0.2|0.1|0|-0.01|-6.7|0.3|-6.4|-0.2
Cole Anthony|PG|23|ORL|81|1817|14.6|0.545|0.36|0.286|4.1|16.1|10.1|19.8|1.7|1.9|12.8|23.7|0.9|2.7|3.6|0.096|-0.6|0.7|0.1|1
OG Anunoby|SF|26|TOT|50|1702|12.8|0.595|0.463|0.154|3|10.6|6.8|9|2|1.9|11.6|17.6|1.1|1.5|2.6|0.073|-1|0.5|-0.6|0.6
Ryan Arcidiacono|PG|29|NYK|20|45|-2|0|1|0|0|20|10|10.4|2.2|0|25|7.7|-0.1|0.1|-0.1|-0.089|-11.5|1.9|-9.6|-0.1
Deni Avdija|SF|23|WAS|75|2257|14.9|0.597|0.293|0.34|3.9|22.1|12.8|17.8|1.2|1.3|14.8|20.2|1.7|1.5|3.2|0.068|-0.7|-0.2|-0.9|0.6
Deandre Ayton|C|25|POR|55|1784|18.9|0.587|0.013|0.105|10.4|28.9|19.1|8.8|1.5|2.1|11.2|21.1|1.8|2.1|3.9|0.106|0.5|-0.2|0.3|1
Udoka Azubuike|C|24|PHO|16|113|12.3|0.609|0|0.565|11.6|20|16|3.6|0.4|4.7|12.2|12.6|0.1|0.1|0.2|0.1|-3|-0.1|-3.2|0
Ibou Badji|C|21|POR|22|226|8.1|0.623|0|0.545|9.4|16.3|12.6|7.7|0.7|8|35.5|8|0|0.2|0.2|0.046|-7.7|1.9|-5.8|-0.2
Marvin Bagley III|C|24|TOT|50|1053|19.4|0.629|0.056|0.309|13.1|19.2|16.1|8.1|0.9|2.6|11.3|21|2|0.7|2.7|0.122|1|-1.4|-0.4|0.4
Amari Bailey|PG|19|CHO|10|65|9.7|0.425|0.333|0.292|10.1|5.3|7.8|15.2|2.3|0|12.9|21.1|-0.1|0|-0.1|-0.044|-5.2|-3.1|-8.3|-0.1
Patrick Baldwin Jr.|SF|21|WAS|38|493|9.7|0.502|0.626|0.181|3.6|23.5|13.3|7.6|1.7|2.5|10.2|15.9|-0.3|0.5|0.2|0.019|-4|-0.6|-4.6|-0.3
LaMelo Ball|PG|22|CHO|22|711|20.8|0.561|0.466|0.246|4.4|13.7|8.9|43.1|2.8|0.5|15|34.3|0.6|0.5|1.1|0.074|3.8|-0.5|3.3|1
Mo Bamba|C|25|PHI|57|740|15.4|0.575|0.323|0.253|11.3|24.5|17.8|7.6|1.5|7.4|15.1|15.1|0.6|1.3|2|0.128|-2.3|1.4|-1|0.2
Paolo Banchero|PF|21|ORL|80|2799|17.3|0.546|0.249|0.397|3.4|20|11.6|25.2|1.3|1.6|13|29.7|1.3|4|5.3|0.09|1.3|0|1.3|2.3
Desmond Bane|SG|25|MEM|42|1443|18.5|0.589|0.464|0.207|2.6|11.8|7|29.2|1.5|1.4|11.7|28.5|1.8|1.3|3.1|0.102|3.1|-0.3|2.8|1.7
Dalano Banton|PG|24|TOT|54|1047|13.3|0.504|0.398|0.24|4.2|15.2|9.5|19.4|1.6|1.7|12.2|25.7|-0.4|0.9|0.5|0.024|-0.7|-0.6|-1.3|0.2
Dominick Barlow|PF|20|SAS|33|420|14.6|0.548|0.08|0.372|11.5|17.7|14.5|11.7|1.4|2.8|6.4|14.1|0.7|0.4|1.1|0.126|-1.7|0|-1.7|0
Harrison Barnes|PF|31|SAC|82|2381|11.9|0.611|0.526|0.268|3.1|8.8|5.9|5.6|1.1|0.5|6.6|15.7|3.1|1.5|4.7|0.094|-0.6|-1.2|-1.8|0.1
Scottie Barnes|SG|22|TOR|60|2094|19.5|0.566|0.314|0.266|7.3|18.9|13|26.2|1.7|3.7|13.6|24.8|2.3|2|4.3|0.098|2.9|0.8|3.7|3
RJ Barrett|SG|23|TOT|58|1838|16.4|0.58|0.284|0.331|3.1|16|9.5|16.7|0.8|1.1|11.1|26.5|1.6|1.2|2.9|0.075|0.7|-1.5|-0.8|0.6
Charles Bassey|C|23|SAS|19|205|17.7|0.739|0.025|0.15|12|28.2|20|14.1|1.9|6.9|26|11.9|0.3|0.4|0.7|0.157|-1.8|3.1|1.3|0.2
Emoni Bates|SF|20|CLE|15|133|2.6|0.404|0.673|0.082|0.9|10.9|5.9|10|0.4|1.4|13.6|19.5|-0.4|0.1|-0.3|-0.092|-6.2|-3|-9.2|-0.2
Keita Bates-Diop|SF|28|TOT|53|665|11.5|0.534|0.416|0.253|5.5|12.8|9.3|7.4|1.8|2.9|7.5|13|0.5|0.8|1.3|0.091|-1.5|0.4|-1|0.2
Nicolas Batum|PF|35|TOT|60|1529|10.2|0.603|0.723|0.082|5|13.1|9|10.7|1.5|2.3|13.1|8.6|1.7|1.6|3.3|0.103|-1.3|0.8|-0.4|0.6
Darius Bazley|PF|23|TOT|9|152|13.9|0.68|0.267|0.4|5.8|14.4|10.1|6|1.9|4.1|18.5|11.9|0.2|0.1|0.3|0.084|-0.9|0.5|-0.4|0.1
Bradley Beal|SG|30|PHO|53|1767|16.3|0.607|0.32|0.182|3.6|10.8|7.4|22.5|1.4|1.3|14.2|22.7|2.4|1.5|3.9|0.107|0.9|-0.6|0.4|1.1
Malik Beasley|SG|27|MIL|79|2337|10.3|0.603|0.751|0.048|2|11.4|6.8|6.1|1.2|0.3|6.8|14.6|1.9|1.6|3.5|0.073|-1|-0.8|-1.8|0.1
MarJon Beauchamp|SF|23|MIL|48|608|9.7|0.592|0.452|0.169|4.1|13.6|8.9|6.7|1|1|13.2|14.6|0.2|0.5|0.7|0.056|-2.3|-0.9|-3.2|-0.2
Jules Bernard|SG|24|WAS|19|149|12.7|0.544|0.453|0.141|7|11.8|9.3|15.4|0.9|0.5|10.5|21.5|0|0|0.1|0.026|-0.6|-2.5|-3|0
Dāvis Bertāns|PF|31|TOT|43|674|11.6|0.583|0.855|0.141|1.5|8.8|5.1|7.2|1.9|1.7|6.8|17.4|0.5|0.4|0.9|0.061|-0.8|-0.6|-1.4|0.1
Patrick Beverley|PG|35|TOT|73|1462|11.6|0.539|0.478|0.237|3.7|14.3|9|19|1.4|1.9|13.4|14.3|1.2|1.5|2.7|0.09|-1.5|0.5|-1.1|0.3
Saddiq Bey|SF|24|ATL|63|2062|13.1|0.549|0.514|0.291|8.5|13.4|10.9|6|1.2|0.5|6.4|17|2.8|0.7|3.5|0.081|0.1|-2|-1.8|0.1
Goga Bitadze|C|24|ORL|62|957|17.8|0.629|0.067|0.416|13.3|21.9|17.5|11.7|1.7|7|15.1|13.3|1.8|1.9|3.7|0.186|-0.7|2.8|2.1|1
Onuralp Bitim|SG|24|CHI|23|268|5|0.464|0.524|0.06|2.5|11.1|6.7|6.5|0.6|0.8|10.4|15.8|-0.3|0.1|-0.1|-0.027|-5.4|-2|-7.4|-0.4
Bismack Biyombo|C|31|TOT|40|791|9.9|0.562|0|0.412|8.3|21.1|14.5|9.5|0.7|4.4|21.3|10.7|0.1|1|1.1|0.066|-4.8|1.4|-3.4|-0.3
Anthony Black|PG|20|ORL|69|1164|8.4|0.56|0.381|0.324|3.3|10.8|7|10.6|1.5|1.7|16.6|12.7|0.1|1.5|1.6|0.067|-3.8|0.8|-3|-0.3
Leaky Black|SF|24|CHO|26|284|11.5|0.589|0.385|0.288|3.5|15.9|9.5|11.4|1.4|3.6|9.3|10.1|0.3|0.2|0.5|0.084|-2.6|0.3|-2.4|0
Buddy Boeheim|SF|24|DET|10|84|9.1|0.509|0.862|0.345|3.9|9.5|6.6|4.8|0|1|0|17|0.1|0|0.1|0.047|-0.7|-2.8|-3.5|0
Bogdan Bogdanović|SG|31|ATL|79|2401|14.7|0.569|0.583|0.149|2.3|10.3|6.2|14.9|1.9|1|8.7|22.3|2.8|1.2|3.9|0.079|0.9|-0.7|0.2|1.4
Bojan Bogdanović|SF-PF|34|TOT|57|1478|12.6|0.581|0.49|0.219|1.6|10|5.7|10.3|1|0.3|11.9|24.6|0.3|0.7|1.1|0.034|-0.7|-2.5|-3.2|-0.4
Bol Bol|PF|24|PHO|43|469|18.7|0.7|0.344|0.126|8.1|24.1|16.5|5.3|1|4.7|10.7|16.5|1|0.7|1.6|0.168|1.4|0.8|2.1|0.5
Marques Bolden|C|25|TOT|11|121|16|0.691|0.04|0.16|9|22.8|15.8|4.8|1.2|5.4|10.1|10.9|0.2|0.1|0.3|0.134|-2.1|-0.5|-2.7|0
Devin Booker|PG|27|PHO|68|2447|21.9|0.611|0.32|0.35|2.7|11.1|7.1|31.2|1.2|1|10.6|29.8|7.2|2|9.2|0.181|4|-1|3|3.1
Brandon Boston Jr.|SF|22|LAC|32|345|8.7|0.476|0.323|0.205|6.4|10.4|8.5|5.4|1.6|2.1|12|25.4|-0.6|0.3|-0.3|-0.04|-6.2|-2.7|-9|-0.6
Chris Boucher|PF|31|TOR|50|705|16|0.625|0.433|0.424|9.5|23.1|16.1|4.5|1|3|9.8|17.3|1.2|0.6|1.7|0.119|-0.3|-1.4|-1.7|0.1
James Bouknight|SG|23|CHO|14|81|15.9|0.597|0.732|0.049|1.3|11.4|6.2|12.2|0.6|1.2|4.6|23.9|0.1|0|0.1|0.062|4.4|-2.2|2.2|0.1
Jamaree Bouyea|PG|24|TOT|9|95|1.5|0.375|0.321|0|3.4|19.2|11|15.9|0.5|0|24.3|16.5|-0.3|0.1|-0.3|-0.129|-10.2|-2|-12.3|-0.2
Malaki Branham|PG|20|SAS|75|1594|8.7|0.526|0.427|0.1|1.9|8.2|5|14|0.8|0.4|12.2|19.8|-0.9|0.6|-0.3|-0.008|-3.4|-2.2|-5.6|-1.5
Christian Braun|SG|22|DEN|82|1655|12.1|0.554|0.34|0.277|5.4|14.8|10.2|10.2|1.3|1.8|9.2|15.7|1.5|2|3.4|0.1|-1.7|-0.2|-1.9|0
Mikal Bridges|SF|27|BRK|82|2854|14.9|0.56|0.457|0.245|2.5|12|7.1|16.3|1.4|0.9|10.3|24.3|2.1|2.1|4.2|0.07|0.7|-1|-0.4|1.2
Miles Bridges|SF|25|CHO|69|2581|15.4|0.556|0.372|0.174|3|19.5|11|14.6|1.2|1.2|9.6|24.7|0.7|1.4|2.2|0.04|0.2|-1.3|-1.1|0.6
Oshae Brissett|SF|25|BOS|55|630|12.8|0.53|0.359|0.542|10.9|16.3|13.7|8.7|1.5|1.1|9.5|14.5|0.8|0.9|1.7|0.131|-2|0.2|-1.8|0
Izaiah Brockington|PG|24|NOP|1|3|26.6|0.4|0.2|0|37.6|36.7|37.1|0|0|0|0|72.5|0|0|0|-0.177|-9.2|-8.5|-17.8|0
Malcolm Brogdon|PG|31|POR|39|1121|17|0.56|0.401|0.234|2.6|12.8|7.4|30.9|1.2|0.6|9.9|23|2|0.6|2.6|0.111|2.7|-0.7|2|1.1
Armoni Brooks|PG|25|BRK|10|104|8.3|0.448|0.696|0.043|7.2|11.9|9.5|6.9|0.5|0.9|6|20.8|-0.1|0.1|0|-0.018|-2.2|-3.7|-5.8|-0.1
Dillon Brooks|SF|28|HOU|72|2227|9.4|0.549|0.482|0.191|2.5|9.4|5.9|7.5|1.4|0.4|9.6|17.6|0.6|2.1|2.7|0.058|-3.3|-0.3|-3.6|-0.9
Bruce Brown|PG-SG|27|TOT|67|1866|11.6|0.563|0.282|0.244|3.1|14|8.5|13.2|1.5|0.8|11.8|16.5|1.2|1|2.2|0.058|-2.4|-1|-3.3|-0.6
Charlie Brown Jr.|SG|26|NYK|8|37|-3.2|0.3|0.7|0|3|3|3|0|0|5.1|16.7|14|-0.1|0|-0.1|-0.124|-10.2|-3.4|-13.6|-0.1
Greg Brown III|PF|22|DAL|6|40|10.5|0.501|0.273|0.818|8.2|16.3|12.3|13|0|8.8|21.1|20.3|0|0|0|0|-5|0.6|-4.4|0
Jaylen Brown|SF|27|BOS|70|2343|18.6|0.58|0.326|0.239|4|13.4|8.9|16.6|1.8|1.4|10.7|28.9|2.7|3.2|5.9|0.121|0.9|-0.1|0.7|1.6
Kendall Brown|SG|20|IND|15|63|7.6|0.567|0.133|0.533|5.4|3.6|4.5|9.3|0|0|9.7|13.7|0.1|0|0.1|0.045|-4.2|-2.6|-6.8|-0.1
Kobe Brown|PF|24|LAC|44|394|7.6|0.49|0.533|0.022|5.9|11.6|8.9|8.1|1.5|1.4|9|11.1|0.1|0.3|0.5|0.055|-4|0.2|-3.8|-0.2
Moses Brown|C|24|POR|22|200|14.5|0.477|0|0.477|19.6|29.2|24.1|5.4|1.2|3.2|12.3|19.1|-0.1|0.2|0.2|0.044|-4.1|-2.4|-6.5|-0.2
Troy Brown Jr.|SF|24|TOT|59|827|8.8|0.51|0.624|0.164|3.5|16|9.8|9.7|1.4|0.3|11|14.3|0|0.9|0.8|0.048|-2.8|0.2|-2.6|-0.1
Jalen Brunson|PG|27|NYK|77|2726|23.4|0.592|0.319|0.302|1.8|9.7|5.7|33.5|1.3|0.4|9.1|32.5|8.8|2.4|11.2|0.198|6.3|-0.4|5.8|5.4
Thomas Bryant|C|26|MIA|38|441|19|0.639|0.148|0.315|10.2|26.2|18.1|8.3|1.1|3.5|11|19.3|0.9|0.8|1.6|0.177|-0.6|0.2|-0.4|0.2
Kobe Bufkin|SG|20|ATL|17|196|9.1|0.424|0.435|0.087|3.2|15.6|9.2|19.3|1.7|2.3|9.5|22.4|-0.3|0.1|-0.1|-0.031|-4.3|-0.2|-4.5|-0.1
Reggie Bullock|SF|32|HOU|44|417|7.7|0.582|0.817|0.012|1.5|17.4|9.4|4.6|1.4|1.1|10.8|9.4|0.1|0.5|0.6|0.072|-2.9|0.5|-2.4|0
Alec Burks|SG|32|TOT|66|1212|12.9|0.536|0.58|0.293|2.2|11.8|6.9|10.7|1.1|0.9|7|24.4|0.7|0.7|1.4|0.054|-0.3|-2|-2.3|-0.1
Jared Butler|SG|23|WAS|40|566|14.1|0.579|0.388|0.179|1.7|9.5|5.5|30.9|2.4|1.2|18.7|19.9|0.3|0.3|0.6|0.054|-1.5|-0.5|-2.1|0
Jimmy Butler|PF|34|MIA|60|2042|22|0.626|0.183|0.579|5.8|11.9|8.8|23.1|1.9|0.8|9.3|24|6.4|2.7|9.1|0.214|3.9|0.7|4.6|3.4
Jamal Cain|PF|24|MIA|26|259|11.5|0.544|0.392|0.291|6.5|9.7|8.1|5.6|1.9|1.9|8.2|16.7|0.1|0.3|0.5|0.089|-2.5|0.2|-2.3|0
Kentavious Caldwell-Pope|SG|30|DEN|76|2402|10.7|0.602|0.525|0.193|1.5|6.8|4.2|9.5|2|1.5|10.5|12.9|2.2|2.6|4.8|0.096|-2.1|0.7|-1.4|0.4
Toumani Camara|PF|23|POR|70|1739|10.6|0.547|0.393|0.226|8.4|14|11|7.2|1.9|1.7|14.9|13.8|0.6|1.4|2|0.055|-3.1|0|-3.1|-0.5
Clint Capela|C|29|ATL|73|1883|20.7|0.59|0.002|0.333|18.7|26.5|22.4|6.9|1.1|5.1|9.5|17.3|4.4|1.9|6.3|0.161|1|-1|0.1|1
Jevon Carter|PG|28|CHI|72|1004|8.5|0.485|0.641|0.019|1.2|5.6|3.3|12.9|1.8|1.6|8.9|17.7|-0.5|0.7|0.2|0.009|-3.3|-0.7|-4|-0.5
Wendell Carter Jr.|C|24|ORL|55|1406|15.9|0.623|0.402|0.315|9.3|22.7|15.9|9.9|1.2|1.9|12.3|17.2|2.2|2.1|4.4|0.149|0.5|0.4|0.9|1
D.J. Carton|SG|23|TOR|4|36|9.6|0.539|0.5|0.625|6|6.2|6.1|10.5|1.3|0|8.9|13.3|0|0|0|0.062|-4.2|-1.1|-5.3|0
Alex Caruso|SG|29|CHI|71|2040|14.5|0.613|0.616|0.177|3.3|11.8|7.5|16.4|2.9|3.5|14.9|14.7|2.3|2.6|4.9|0.115|0.2|2.3|2.5|2.3
Colin Castleton|C|23|LAL|16|59|13|0.644|0|0.375|11.9|10.8|11.3|6.8|1.6|0|13.9|15.8|0.1|0|0.2|0.128|-3.9|-1.4|-5.2|0
Malcolm Cazalon|SG|22|DET|1|3|0|NA|NA|NA|0|0|0|0|0|0|NA|0|0|0|0|-0.012|-6|-3.2|-9.1|0
Julian Champagnie|SF|22|SAS|74|1468|10.6|0.57|0.689|0.229|3.1|12.2|7.6|9.3|1.6|2.4|11.4|14.4|0.6|1.3|1.8|0.059|-1.8|-0.1|-1.9|0
Justin Champagnie|SF|22|WAS|15|235|13.6|0.526|0.577|0.192|8.5|15.8|12.1|10.7|2|3.1|10.6|17|0.1|0.2|0.3|0.058|-1.1|-0.8|-1.8|0
Max Christie|SG|20|LAL|67|944|8.4|0.544|0.49|0.191|1.9|14.2|8.4|8|1|1.6|11.8|13.6|-0.1|0.8|0.7|0.036|-3.2|-0.4|-3.6|-0.4
Sidy Cissoko|SF|19|SAS|12|141|12|0.568|0.364|0.455|6.1|10.8|8.4|9.4|2.4|1.8|7|12.7|0.2|0.1|0.3|0.11|-4|1.4|-2.7|0
Brandon Clarke|PF|27|MEM|6|134|18.9|0.548|0.102|0.119|10.2|16.2|13.1|12.2|1.8|4.2|4.6|20.8|0.1|0.2|0.3|0.108|0.7|0.3|1|0.1
Jordan Clarkson|SG|31|UTA|55|1682|12.7|0.521|0.379|0.246|3.2|9|6.2|24.6|1|0.3|13.9|26.1|0.1|0.1|0.2|0.006|-1.3|-3.2|-4.5|-1.1
Nic Claxton|C|24|BRK|71|2116|18.7|0.629|0.009|0.337|9.7|27.3|18.2|10.4|1.1|6.2|12.2|15.6|3.5|3.2|6.7|0.152|-0.3|1.5|1.2|1.7
Noah Clowney|PF|19|BRK|23|370|14.2|0.626|0.355|0.323|7.5|16.7|12|6.9|1.1|3.9|12.4|14.2|0.5|0.4|0.9|0.111|-0.8|0.1|-0.7|0.1
Amir Coffey|SF|26|LAC|70|1460|10|0.604|0.523|0.202|2.3|8.9|5.7|6.8|1.4|0.9|7.9|12.5|1.6|1|2.6|0.084|-1.9|-0.3|-2.2|-0.1
John Collins|PF|26|UTA|68|1901|17.5|0.621|0.311|0.248|9.2|24|16.7|6.1|1|2.9|10.6|20.4|3.1|1.3|4.4|0.11|0.5|-1.4|-0.9|0.5
Zach Collins|C|26|SAS|69|1526|14.3|0.565|0.294|0.263|8.3|18|13.1|18.9|1.1|2.8|16.1|22.7|0.4|1.5|1.8|0.057|-2|-0.1|-2|0
Mike Conley|PG|36|MIN|76|2193|15.8|0.627|0.629|0.174|2|9|5.6|28.4|2|0.7|12.8|16|5|3.3|8.2|0.18|2|1.4|3.4|3
Pat Connaughton|SF|31|MIL|76|1676|9.6|0.574|0.686|0.167|3.4|12|7.8|12|1.1|1|11.6|10.9|1.6|1.2|2.8|0.08|-1.6|0|-1.6|0.2
Bilal Coulibaly|SF|19|WAS|63|1715|8.9|0.543|0.428|0.303|3.4|12.8|8|8.2|1.6|2.3|15.1|14.2|-0.5|0.9|0.4|0.013|-3.6|-0.5|-4.2|-0.9
Ricky Council IV|SG|22|PHI|32|289|18.6|0.604|0.286|0.634|5.3|12.4|8.8|8.2|1.4|0.3|3.4|22.1|0.8|0.3|1|0.173|2.1|-0.8|1.3|0.2
Robert Covington|SF-PF|33|TOT|29|488|13.6|0.58|0.571|0.265|6.9|15.2|11|6.3|3.9|3.4|9.1|10.7|0.6|0.9|1.5|0.145|-1.1|3.2|2.2|0.5
Torrey Craig|SF|33|CHI|53|1049|10.8|0.568|0.61|0.143|7.2|16.1|11.6|7.3|1.4|2.1|10.7|12.5|1|0.9|1.9|0.087|-1.8|-0.2|-2|0
Jae Crowder|PF|33|MIL|50|1156|8.9|0.546|0.615|0.133|3|12.1|7.6|7.2|1.6|0.7|7.4|11.5|0.6|1|1.6|0.065|-2.6|0|-2.6|-0.2
Jalen Crutcher|PG|24|NOP|1|3|-12.6|0|0|0|0|0|0|0|0|0|0|14.5|0|0|0|-0.334|-18.5|-7.8|-26.2|0
Cade Cunningham|PG|22|DET|62|2074|17.1|0.546|0.287|0.235|1.7|12.9|7.2|37.5|1.3|0.9|14.1|30.8|0.7|1|1.8|0.041|2|-1.6|0.3|1.2
Seth Curry|SG|33|TOT|44|616|9.9|0.519|0.529|0.152|3.2|9|6.1|9.7|1.7|0.9|8.8|16.8|0.1|0.4|0.5|0.04|-2.6|-0.6|-3.3|-0.2
Stephen Curry|PG|35|GSW|74|2421|20.6|0.616|0.606|0.224|1.7|12.9|7.4|24.7|1.1|1|11.7|31.3|5.2|2|7.2|0.142|6.3|-1.1|5.2|4.4
Dyson Daniels|PG|20|NOP|61|1358|12|0.529|0.434|0.17|5.1|14.1|9.7|15.4|3.1|1.8|15|12.6|0.7|2.2|2.9|0.103|-1.9|2.5|0.6|0.9
Anthony Davis|C|30|LAL|76|2700|25.8|0.621|0.083|0.402|10.4|28.3|19.8|15.5|1.6|5.7|9.5|26.7|7.2|4.7|11.8|0.21|3.5|1.7|5.1|4.9
Johnny Davis|SG|21|WAS|50|613|6.2|0.462|0.26|0.156|3.1|9.6|6.3|6.6|1.4|1.3|7.3|12.2|-0.3|0.2|-0.1|-0.009|-5.5|-1.1|-6.6|-0.7
JD Davison|SG|21|BOS|8|39|18.8|0.581|0.583|0.333|5.8|21.2|13.8|32.9|1.3|2.3|12.7|17.6|0.1|0.1|0.2|0.228|1.8|1.4|3.3|0.1
Dexter Dennis|SG|24|DAL|4|30|18.3|0.541|0.421|0.158|3.7|29|16.4|23.7|0|2.9|12.9|33.3|0|0|0|0.004|1.7|-0.1|1.7|0
DeMar DeRozan|SF|34|CHI|79|2989|19.7|0.584|0.166|0.452|1.6|11.3|6.4|21.8|1.5|1.5|7.7|25.8|7|2.2|9.2|0.147|2.1|-0.3|1.8|2.8
Moussa Diabaté|C|22|LAC|11|64|24.7|0.576|0|0.737|27.4|15.4|21.2|8.6|3.9|1.4|7.4|18.6|0.2|0.1|0.3|0.25|4|-0.5|3.5|0.1
Mamadi Diakite|PF|27|TOT|6|24|18.6|0.694|0.167|1|4.5|13.8|9.1|13.5|2.1|3.5|10.4|17|0.1|0|0.1|0.168|0.8|2.7|3.5|0
Hamidou Diallo|SG|25|WAS|2|5|33.2|0.5|0|0|41.8|0|21.4|28.9|18.7|0|33.3|25.3|0|0|0|0.204|2.7|16|18.7|0
Gradey Dick|SG|20|TOR|60|1268|8.9|0.546|0.542|0.115|2.3|9.3|5.7|7.4|1.3|0.1|9.7|17.4|-0.1|0.4|0.3|0.01|-3.2|-2.2|-5.4|-1.1
Ousmane Dieng|PF|20|OKC|33|365|10.1|0.54|0.603|0.138|3.2|12|7.8|12.9|1.1|1.3|13.4|16.9|0|0.4|0.4|0.055|-2.3|-0.7|-3|-0.1
Spencer Dinwiddie|PG|30|TOT|76|2152|11.7|0.543|0.575|0.328|1.5|9|5.2|22.7|1.2|0.9|11.1|16.6|2.3|1.3|3.6|0.081|-1.3|-0.6|-1.9|0.1
Donte DiVincenzo|SG|27|NYK|81|2360|16|0.597|0.702|0.114|3|11.2|7.1|13.7|2.3|1.4|9.7|21.3|3.6|3|6.6|0.135|2.5|0.9|3.4|3.2
Luka Dončić|PG|24|DAL|70|2624|28.1|0.617|0.45|0.368|2.5|24.4|13.5|44.3|1.8|1.3|12.8|36|8.5|3.5|12|0.22|8.3|1.7|9.9|8
Luguentz Dort|SF|24|OKC|79|2246|11.1|0.593|0.603|0.236|3.8|10|7|6.3|1.5|1.9|9.3|15.4|2|2.5|4.6|0.097|-1.4|-0.2|-1.6|0.2
Ayo Dosunmu|SG|24|CHI|76|2212|13.4|0.604|0.41|0.146|2.7|8.3|5.5|15.6|1.5|1.7|11.9|17.2|2.6|1.5|4.1|0.089|-0.6|-0.2|-0.8|0.7
Jeff Dowtin|PG|26|PHI|12|142|18.2|0.689|0.528|0.111|2.3|13.5|7.8|26.4|2.4|0.6|11.7|13|0.4|0.2|0.6|0.193|2|1.3|3.3|0.2
Henri Drell|SF|23|CHI|4|30|10.7|0.506|0.6|0.2|3.7|11.4|7.5|18.3|3.3|3.4|15.5|18.8|0|0|0|0.047|-5.1|0.2|-4.9|0
Andre Drummond|C|30|CHI|79|1351|23|0.576|0.006|0.454|21.5|37.4|29.3|4.1|2.7|3.6|12.3|21.3|2.3|2.6|4.9|0.175|0.8|-0.7|0.1|0.7
Chris Duarte|SF|26|SAC|59|719|8.4|0.512|0.605|0.157|4|12.7|8.3|7.8|1.9|1|10.4|14.9|0|0.7|0.7|0.047|-3.5|0.1|-3.4|-0.2
David Duke Jr.|SG|24|SAS|4|51|16.2|0.673|0.333|0.167|4.2|17.1|10.6|14.6|1.9|0|13.4|18.5|0.1|0|0.1|0.119|-0.1|1.4|1.4|0
Kris Dunn|PG|29|UTA|66|1249|12.8|0.546|0.355|0.102|4.4|12.2|8.3|27.1|2.6|2|19.5|13.6|1.1|0.9|2|0.076|-1.5|1.4|-0.1|0.6
Kevin Durant|PF|35|PHO|75|2791|21.2|0.626|0.283|0.295|1.7|17.5|10|22.2|1.2|2.9|13.1|29|5.1|3.2|8.3|0.142|4|0.1|4|4.3
Jalen Duren|C|20|DET|61|1777|18.7|0.653|0.007|0.321|11.8|33|22.2|12.7|0.9|2.3|16.7|18.5|3|1.8|4.8|0.13|-0.2|0.1|-0.1|0.9
Tari Eason|PF|22|HOU|22|480|17.1|0.528|0.265|0.175|10.2|24.2|17.1|8.3|3.1|3.6|8.9|19.8|0.3|1|1.3|0.125|-0.4|2|1.6|0.4
Anthony Edwards|SG|22|MIN|79|2770|19.7|0.575|0.341|0.325|2.2|14.8|8.8|24.6|1.8|1.3|11.9|32.3|2.9|4.7|7.5|0.13|2.7|0.5|3.3|3.7
Kessler Edwards|SF|23|SAC|54|275|10.3|0.541|0.634|0.11|3.6|13.7|8.5|7.1|1.8|1.3|4.4|14|0.2|0.3|0.5|0.083|-1.6|0.1|-1.5|0
Keon Ellis|SG|24|SAC|57|978|12|0.627|0.724|0.151|3.6|10.8|7.1|11.1|2.5|2.7|13|12.4|1.1|1.2|2.3|0.114|-0.9|2.1|1.2|0.8
Joel Embiid|C|29|PHI|39|1309|34.1|0.644|0.163|0.531|7.9|28.8|18.1|32.4|1.7|4.6|12.5|39.6|5.2|2.3|7.5|0.275|8.5|3.1|11.6|4.5
Drew Eubanks|C|26|PHO|75|1169|14.4|0.645|0.012|0.368|10.5|20.1|15.6|7.2|1.1|4.6|17.2|13.2|1.6|1.6|3.1|0.129|-2|0.8|-1.2|0.2
Tosan Evbuomwan|SF|22|TOT|17|367|9.9|0.616|0.451|0.352|5.3|13|9.1|5.9|0.8|1.2|9.9|10.6|0.4|0.2|0.5|0.071|-2.4|-0.7|-3|-0.1
Dante Exum|PG|28|DAL|55|1088|13.7|0.645|0.358|0.225|2.5|12.4|7.5|19.3|1|0.4|12.9|15|2.1|0.8|2.9|0.127|-0.3|-0.3|-0.6|0.4
Bruno Fernando|C|25|ATL|45|682|15.2|0.615|0.021|0.513|9.1|22.2|15.4|9.3|1.8|3.7|16.1|16.7|0.8|0.7|1.5|0.103|-3.1|0.9|-2.3|-0.1
Dorian Finney-Smith|PF|30|BRK|68|1934|10.1|0.546|0.658|0.09|6|12.1|9|7.6|1.4|1.8|10|13.2|1|1.6|2.6|0.065|-2|-0.1|-2|0
Adam Flagler|SG|24|OKC|2|14|0.6|0.214|0.857|0|0|0|0|33.6|0|0|0|21.7|0|0|0|-0.159|-6.7|-3.9|-10.6|0
Malachi Flynn|PG|25|TOT|69|876|11.9|0.533|0.52|0.218|2.6|12|7.2|21.1|2.1|0.8|15|20.4|-0.1|0.6|0.5|0.029|-2|-0.2|-2.2|0
Simone Fontecchio|SF|28|TOT|66|1644|12.1|0.6|0.609|0.12|4.3|12.2|8.3|8.7|1.3|1.2|10.5|16.5|1.5|0.6|2.1|0.061|0|-1|-1|0.4
Jordan Ford|PG|25|SAC|6|22|16.8|0.761|0.429|0.286|0|10.4|5.1|12.8|0|0|11.3|17.3|0.1|0|0.1|0.157|3.3|-1.1|2.2|0
Trent Forrest|SG|25|ATL|38|414|8.9|0.426|0.111|0.189|2.8|10.9|6.7|27.6|1.3|0.7|17|11.8|0.1|0.1|0.2|0.027|-3.8|-0.7|-4.4|-0.3
Evan Fournier|SG|31|TOT|32|580|8.5|0.464|0.588|0.163|0.9|10.4|5.6|11.6|2.4|1|8.1|19|-0.5|0.4|-0.1|-0.005|-4.7|0.3|-4.3|-0.3
De'Aaron Fox|PG|26|SAC|74|2659|20.1|0.567|0.374|0.273|2.8|11.8|7.2|25.2|2.7|1.1|10.1|31|3.3|3.2|6.5|0.117|2.6|0.1|2.7|3.2
Javon Freeman-Liberty|PG|24|TOR|22|403|10.7|0.547|0.339|0.29|4.3|15.1|9.6|13.4|1.2|0.9|15.2|17.5|0.1|0.2|0.2|0.029|-3.1|-2|-5.2|-0.3
Alex Fudge|SF|20|TOT|6|40|9.8|0.472|0.333|0.133|11.3|2.7|6.9|0|3.6|0|11.2|19.2|0|0|0|-0.007|-3.7|-1.5|-5.2|0
Markelle Fultz|PG|25|ORL|43|910|12.6|0.492|0.055|0.101|7.2|10.7|8.9|19.7|2.3|1.5|12.8|18.8|0|1.3|1.3|0.069|-2.6|1.2|-1.4|0.1
Andrew Funk|SG|24|CHI|5|13|-5|0|0.75|0|0|0|0|0|3.8|7.9|0|13.5|-0.1|0|-0.1|-0.252|-12.4|-2|-14.4|0
Wenyen Gabriel|PF|26|MEM|5|81|2.3|0.351|0.273|0.227|9.1|25.3|16.9|5.3|1.2|2.3|24.8|17|-0.3|0.1|-0.2|-0.123|-10.6|-1.9|-12.5|-0.2
Daniel Gafford|C-PF|25|TOT|74|1815|21.7|0.731|0|0.365|11.4|22.1|16.7|9.1|1.7|7.1|11.7|14.7|5.2|2.5|7.8|0.205|0.7|1.9|2.6|2.1
Danilo Gallinari|PF-SF|35|TOT|49|630|13.4|0.601|0.489|0.516|3.4|15.3|9.3|11.6|1.1|0.8|9|17.2|1|0.3|1.3|0.098|-0.8|-1|-1.9|0
Darius Garland|PG|24|CLE|57|1901|14.5|0.56|0.423|0.208|1.8|7.1|4.5|29.4|1.9|0.3|16.1|25.3|0.7|2|2.7|0.067|0.2|-1.2|-1|0.5
Usman Garuba|PF|21|GSW|6|18|7|0.218|0.167|0.333|18.2|23.7|21|6.6|2.7|15.1|22.5|20.8|-0.1|0|0|-0.124|-10.8|-0.1|-10.9|0
Luka Garza|C|25|MIN|25|122|21.8|0.576|0.427|0.333|18.6|10.7|14.4|5.9|1.6|0.7|6.5|33.3|0.2|0.2|0.4|0.166|0.6|-2.7|-2.1|0
Kaiser Gates|SF|27|NOP|1|7|-19.9|0|0.5|0|0|15.7|8|0|0|0|0|24.9|-0.1|0|-0.1|-0.558|-18.6|-10.1|-28.8|-0.1
Keyonte George|PG|20|UTA|75|2023|10.4|0.533|0.54|0.274|0.8|10.6|5.7|23.1|0.9|0.3|17.1|22.8|-0.4|0.1|-0.3|-0.008|-1.5|-2.9|-4.4|-1.2
Paul George|PF|33|LAC|74|2502|19.3|0.613|0.476|0.235|1.7|15.3|8.8|16.1|2.2|1.3|10.1|26.6|4.4|2.8|7.3|0.14|2.9|0.2|3.2|3.3
Taj Gibson|PF|38|TOT|20|204|5.9|0.449|0.27|0.054|6.6|13.8|10.2|6.9|0.7|3.2|11.7|9|0|0.2|0.2|0.044|-5.3|0.1|-5.3|-0.2
Josh Giddey|SG|21|OKC|80|2011|16.6|0.547|0.287|0.146|6.4|21.5|14.2|26.6|1.2|2|15.7|23.1|1.4|2.9|4.3|0.102|1|0.4|1.5|1.8
Harry Giles|C|25|TOT|23|100|14.8|0.503|0.28|0.26|12.8|20|16.4|10.5|1|2.7|9.7|26.7|0|0.1|0.1|0.027|-2.7|-2|-4.8|-0.1
Shai Gilgeous-Alexander|PG|25|OKC|75|2553|29.3|0.636|0.181|0.436|3|14.7|9.1|29.8|2.8|2.4|8.4|32.8|10.5|4.2|14.6|0.275|6.7|2.3|9|7.1
Anthony Gill|PF|31|WAS|50|466|12.1|0.537|0.256|0.225|8.3|13.4|10.8|10|1.3|1.9|11.6|18|0.1|0.2|0.4|0.038|-2.6|-1.5|-4.1|-0.3
Collin Gillespie|PG|24|DEN|24|225|11|0.586|0.551|0.174|0.5|9.6|5.2|15.5|2.9|0|15.9|17.1|0.1|0.3|0.4|0.076|-3.7|0.9|-2.7|0
Jacob Gilyard|PG|25|TOT|41|699|11.1|0.573|0.84|0.013|1.4|6|3.6|27.7|2.3|0.7|16.6|11.1|0.8|0.6|1.4|0.095|-2|0.6|-1.4|0.1
Rudy Gobert|C|31|MIN|76|2593|19.3|0.675|0.005|0.635|13.1|29.2|21.5|5.6|1|5.5|13.1|15.4|5.8|5.8|11.6|0.216|0.1|1.7|1.8|2.5
Jordan Goodwin|PG|25|TOT|57|1055|12.6|0.451|0.369|0.154|9.3|17.3|13.3|20.9|2.2|1.6|12.1|19|-0.2|1.4|1.2|0.054|-1.5|0.5|-1|0.3
Aaron Gordon|PF|28|DEN|73|2297|16.8|0.607|0.193|0.376|8.6|13.9|11.4|15.2|1.2|1.7|11.2|17.8|4.5|2.6|7.1|0.148|1.2|0.1|1.3|1.9
Eric Gordon|SG|35|PHO|68|1893|10.8|0.58|0.642|0.104|1|6|3.6|10|1.7|1.4|10.2|16.5|1|1.5|2.5|0.063|-1.3|-0.5|-1.7|0.1
Devonte' Graham|PG|28|SAS|23|313|9.4|0.495|0.769|0.148|1.7|10.8|6.2|21|1.4|0.5|12.9|17.8|-0.1|0.2|0.1|0.018|-3|-0.9|-3.9|-0.1
Jerami Grant|PF|29|POR|54|1830|15.4|0.573|0.325|0.367|2.1|10|5.8|13.8|1.2|1.7|10.5|25.7|1.7|1|2.7|0.071|1|-1.1|-0.1|0.9
RaiQuan Gray|PF|24|SAS|3|39|22.7|0.676|0.412|0|5.5|14|9.7|25.2|1.2|2.1|5.6|19.5|0.1|0|0.2|0.187|5.6|1.8|7.4|0.1
A.J. Green|SG|24|MIL|56|614|10.5|0.617|0.862|0.097|1.6|9.6|5.7|6.4|0.7|0.6|5.5|15.2|0.7|0.3|1.1|0.084|-0.4|-1.7|-2.1|0
Danny Green|SG|36|PHI|2|18|0.7|0|0.5|0|0|12.5|6.1|6.5|2.7|0|0|4.8|0|0|0|-0.035|-7.4|0.8|-6.6|0
Draymond Green|PF|33|GSW|55|1490|14.5|0.587|0.347|0.199|5.6|23|14.4|28.6|1.8|2.9|25|15.3|1.4|2.2|3.6|0.116|-0.6|3|2.4|1.7
Jalen Green|SG|21|HOU|82|2601|14.7|0.541|0.454|0.264|1.7|15.9|8.7|17.3|1.2|1|11.4|27.4|0.2|2.9|3.1|0.056|0.4|-0.9|-0.5|1
Javonte Green|SF|30|CHI|9|230|20.2|0.681|0.36|0.173|9.5|23.3|16.3|3.3|2.2|3.6|8|16.7|0.5|0.3|0.9|0.18|1.9|0.1|2|0.2
Jeff Green|PF|37|HOU|78|1307|11.3|0.59|0.437|0.407|3.7|10.9|7.3|7.3|0.6|2.2|9.6|15.5|1.4|1.2|2.6|0.095|-1.6|-0.4|-2.1|0
Josh Green|SG|23|DAL|57|1505|9.9|0.588|0.5|0.152|2.9|10.4|6.7|11.1|1.5|0.5|13.1|13.1|1|1.2|2.2|0.071|-2.4|-0.3|-2.7|-0.3
AJ Griffin|SF|20|ATL|20|171|1.2|0.382|0.629|0.032|1.2|10.6|5.7|3.7|0.3|1.1|11.3|17.3|-0.4|0|-0.4|-0.12|-6|-3.5|-9.6|-0.3
Quentin Grimes|SG|23|TOT|51|1025|8.9|0.516|0.732|0.137|1.6|9.3|5.5|8.7|1.7|0.6|7.5|15.8|0.3|1|1.3|0.06|-2.6|0.4|-2.2|-0.1
Mouhamadou Gueye|PF|25|TOR|11|120|4.6|0.31|0.079|0.237|10.8|10.3|10.5|5.3|1.2|13.2|22.2|19.2|-0.5|0.2|-0.4|-0.147|-11|-0.9|-11.9|-0.3
Mouhamed Gueye|PF|21|ATL|6|73|15|0.468|0.391|0.261|14.4|18.6|16.4|7|3.3|4.9|3.8|15.2|0.1|0.1|0.2|0.127|-2.1|0.6|-1.5|0
Rui Hachimura|PF|25|LAL|68|1826|15|0.628|0.343|0.198|3.7|13.7|8.9|6.3|1.1|1.2|5.9|18.5|2.7|1.5|4.1|0.108|0|-0.9|-0.9|0.5
Ashton Hagans|PG|24|POR|19|316|8.5|0.51|0.352|0.239|4.7|11.7|8|23.7|1.7|2.6|27.7|14.6|-0.2|0.3|0|0.006|-4.4|0.9|-3.5|-0.1
Tyrese Haliburton|PG|23|IND|69|2224|23.3|0.605|0.51|0.217|1.8|12|6.9|44.9|1.8|1.7|12.2|24.6|7.6|1.5|9|0.195|7.3|-0.4|6.9|5
R.J. Hampton|PG|22|MIA|8|76|0.9|0.336|0.571|0.143|3|6|4.5|13.6|0|0|16.8|10.5|-0.1|0|-0.1|-0.038|-8.1|-1.4|-9.5|-0.1
Tim Hardaway Jr.|SF|31|DAL|79|2120|12.1|0.542|0.612|0.173|1.1|11.9|6.5|9.2|1|0.2|6.2|22.6|0.8|1.4|2.2|0.05|-0.8|-2.1|-2.9|-0.5
James Harden|PG|34|LAC|72|2470|18.6|0.612|0.594|0.418|1.6|14.8|8.4|33.6|1.5|2.1|16|20.6|5.9|2.5|8.4|0.163|3.8|0.3|4.1|3.8
Jaden Hardy|SG|21|DAL|73|989|11.2|0.517|0.468|0.159|2.2|12.2|7.2|15.7|1.1|0.4|10.8|24.9|-0.4|0.7|0.3|0.014|-2|-2.1|-4.1|-0.5
Ron Harper Jr.|PF|23|TOR|1|4|0|NA|NA|NA|0|0|0|28.6|0|0|NA|0|0|0|0|0.087|-11.7|2.8|-8.8|0
Gary Harris|SG|29|ORL|54|1297|9.4|0.587|0.69|0.152|2.2|6.1|4.1|9.1|1.9|1|8.9|11.7|1.1|1.5|2.7|0.099|-2.3|1.1|-1.2|0.3
Joe Harris|SG|32|DET|16|170|4.6|0.489|0.769|0.051|1.9|6.7|4.3|7.7|0.8|1|9.1|11|0|0|0|0.001|-4.7|-1.1|-5.9|-0.2
Kevon Harris|SG|26|ORL|2|6|11.1|0.667|0|0|0|39.5|19.6|33|0|0|25|29.1|0|0|0|0.038|-15.5|-0.3|-15.8|0
Tobias Harris|PF|31|PHI|70|2368|16.5|0.576|0.271|0.224|3.7|17.7|10.6|13.8|1.5|1.8|8.2|20.7|3.2|2.7|5.9|0.121|1|-0.1|0.9|1.7
Shaquille Harrison|SG|30|MEM|3|6|15.9|0.5|0|0|0|38|18.2|0|0|15.6|0|14.3|0|0|0|0.09|-0.7|5.2|4.6|0
Josh Hart|SF|28|NYK|81|2707|11.8|0.522|0.38|0.169|5.3|22.8|14|16.3|1.4|0.8|13.9|13.5|2|3.6|5.7|0.1|-1.3|1.4|0|1.4
Isaiah Hartenstein|C|25|NYK|75|1896|18.9|0.67|0.008|0.43|14.4|22.7|18.5|13.5|2.3|4.2|17.6|12|4.6|3.5|8.1|0.204|0.7|2.8|3.5|2.6
Sam Hauser|SF|26|BOS|79|1741|13|0.629|0.833|0.034|2.9|13.7|8.6|6.2|1.1|1.3|5.3|15|2.7|2.1|4.9|0.134|1.2|0|1.2|1.4
Jordan Hawkins|SG|21|NOP|67|1160|10.2|0.533|0.654|0.175|2.8|11.3|7.1|8.2|0.8|0.6|7.5|19.9|0.3|1|1.3|0.053|-1.3|-1.7|-3.1|-0.3
Jaxson Hayes|C|23|LAL|70|877|14|0.718|0.046|0.469|9.2|17.1|13.4|5|1.8|2.9|16.9|12.5|1.4|1.1|2.5|0.135|-2.8|0.9|-1.9|0
Killian Hayes|PG|22|DET|42|1008|10.5|0.474|0.261|0.177|1.2|12.2|6.6|27.8|1.7|1.7|14.3|15.1|0|0.7|0.7|0.032|-2.9|0.2|-2.7|-0.2
Gordon Hayward|SF|33|TOT|51|1245|12.8|0.548|0.223|0.298|3.4|13|8.1|18.3|1.6|1|12.6|18.4|0.6|0.9|1.5|0.058|-1.6|-0.5|-2.1|0
Scoot Henderson|PG|19|POR|62|1765|9.5|0.489|0.336|0.256|3.2|9.5|6.2|29.9|1.3|0.7|19.3|26.5|-2.5|0.9|-1.7|-0.045|-3.5|-2.3|-5.8|-1.7
Taylor Hendricks|PF|20|UTA|40|856|11.8|0.578|0.583|0.121|6|17.7|11.9|5|1.6|3.1|9.7|13.7|0.7|0.6|1.2|0.07|-1.3|-0.4|-1.6|0.1
Tyler Herro|SG|24|MIA|42|1407|15.7|0.558|0.453|0.151|1.5|16.5|8.9|22.4|1.1|0.2|10.6|27.8|0.4|1.6|2|0.068|1.5|-0.7|0.8|1
Buddy Hield|SF-SG|31|TOT|84|2160|13.3|0.578|0.668|0.069|3.1|10.9|7|14.5|1.6|1.6|10.5|19.2|1.9|1.6|3.5|0.077|1|-0.6|0.4|1.3
Haywood Highsmith|PF|27|MIA|66|1366|11.1|0.587|0.584|0.109|5.3|12.1|8.7|7.2|1.9|2.1|9|12.4|1.1|1.9|3.1|0.108|-1.8|1.1|-0.7|0.5
Nate Hinton|SG|24|HOU|15|75|17.6|0.585|0.538|0.192|9.9|21.7|15.7|18.6|1.9|2.5|9.6|17.7|0.2|0.1|0.3|0.187|1.9|1.7|3.6|0.1
D'Moi Hodge|SG|25|LAL|7|41|6.1|0.441|0.8|0.133|0|0|0|15.6|1.2|2.1|5.9|17.8|0|0|0|-0.019|-3.7|-2.6|-6.3|0
Aaron Holiday|PG|27|HOU|78|1269|11.5|0.578|0.52|0.151|1.9|8.5|5.2|15.4|1.6|0.4|10.6|16.7|1.3|1.2|2.5|0.094|-1.8|0.3|-1.5|0.2
Jrue Holiday|PG|33|BOS|69|2263|14.4|0.597|0.467|0.104|4.2|13.2|8.9|19.3|1.3|2.1|14.7|16.3|3.3|3|6.3|0.133|1|1.1|2.1|2.4
Justin Holiday|SG|34|DEN|58|862|9.7|0.598|0.701|0.021|1.2|7.8|4.6|9.5|2.1|0.9|6.7|10.6|0.9|0.9|1.8|0.101|-2.5|0.9|-1.6|0.1
Richaun Holmes|C-PF|30|TOT|40|555|14.5|0.593|0.02|0.32|13.7|21.8|17.7|6|0.9|2.9|12.5|14.7|0.8|0.5|1.3|0.114|-2.4|-0.8|-3.3|-0.2
Chet Holmgren|C|21|OKC|82|2413|20.4|0.632|0.366|0.289|6.2|23.1|15|11.6|1.1|7.3|10.9|21.6|4.6|4.4|8.9|0.178|1.8|1.5|3.4|3.3
Jalen Hood-Schifino|SG|20|LAL|21|109|-1.5|0.316|0.333|0.444|2.1|10.7|6.6|9.1|1.3|1.6|14.3|24.9|-0.6|0.1|-0.5|-0.222|-12.4|-3.7|-16.1|-0.4
Al Horford|C|37|BOS|65|1740|15|0.65|0.616|0.072|5.3|19.7|12.8|12.3|1.1|3.1|10|12|3.5|2.7|6.2|0.172|1.7|2|3.6|2.5
Talen Horton-Tucker|PG|23|UTA|51|1009|13.4|0.503|0.391|0.234|2.3|10.8|6.6|25.5|2.2|1.7|11.2|24|0.3|0.5|0.8|0.039|-0.9|-0.4|-1.2|0.2
Danuel House Jr.|SF|30|PHI|34|509|8.5|0.575|0.476|0.438|3.4|9.3|6.3|7.2|1.5|0.9|13.2|12.2|0.3|0.4|0.7|0.066|-3.4|-0.5|-4|-0.3
Caleb Houstan|SF|21|ORL|59|815|8.3|0.582|0.937|0.126|4|8.1|6.1|4.8|0.9|0.5|6.9|12.5|0.7|0.8|1.5|0.089|-1.4|-0.5|-1.9|0
Jett Howard|SF|20|ORL|18|67|8.6|0.457|0.833|0.133|1.7|10.6|6.1|13|1.5|2.8|8.6|22.7|-0.1|0.1|0|0.005|-1.4|-0.3|-1.8|0
Kevin Huerter|SG|25|SAC|64|1562|12.4|0.564|0.609|0.084|2.7|13.6|8|14.4|1.4|1.3|8.4|17.3|1.5|1.4|2.9|0.089|-0.5|-0.4|-0.8|0.5
Jay Huff|C|25|DEN|20|49|18.5|0.724|0.6|0.133|4.7|19.8|12.4|5.6|2|5.2|5.9|15|0.1|0.1|0.2|0.212|-0.3|1.6|1.3|0
De'Andre Hunter|SF|26|ATL|57|1681|12.7|0.595|0.459|0.296|1.9|12.9|7.2|7.3|1.1|0.9|10|20.6|1.6|0.6|2.2|0.062|-0.9|-1.5|-2.4|-0.2
Matthew Hurt|PF|23|MEM|8|113|8.4|0.453|0.588|0.088|8.4|7.1|7.7|5.1|1.3|2.5|5.4|14.2|0|0.1|0.1|0.031|-3|-0.7|-3.7|-0.1
Bones Hyland|PG|23|LAC|37|540|10.8|0.49|0.538|0.092|1.1|10.1|5.7|24.5|2.4|0.7|14.4|24.8|-0.5|0.5|0|0.003|-2.8|-0.8|-3.6|-0.2
Joe Ingles|SF|36|ORL|68|1169|10.6|0.612|0.709|0.15|1.8|12.6|7.1|23|1.8|0.4|21.7|11.6|1.1|1.5|2.6|0.108|-1.7|1.2|-0.5|0.5
Brandon Ingram|SF|26|NOP|64|2103|18.2|0.578|0.238|0.302|2.3|14.7|8.6|26.7|1.2|1.9|12.4|27.2|2.7|2.4|5.1|0.117|1.4|-0.3|1.2|1.7
Kyrie Irving|SG|31|DAL|58|2030|21.9|0.608|0.372|0.186|2.4|13.2|7.8|23.8|1.7|1.2|8|28.1|4.9|2|6.9|0.163|4.8|0.1|4.9|3.6
Jonathan Isaac|PF|26|ORL|58|914|19.2|0.61|0.392|0.287|9.3|24.2|16.7|4.8|2.3|7.1|7.7|16.7|1.5|2.1|3.6|0.188|1.4|2.4|3.8|1.4
Jaden Ivey|SG|21|DET|77|2217|12.4|0.536|0.379|0.311|4.3|9.1|6.6|20.2|1.2|1.6|14.7|24.9|-0.5|1|0.5|0.01|-1.4|-1.7|-3.1|-0.6
Andre Jackson Jr.|SG|22|MIL|57|572|8.5|0.596|0.46|0.11|8.4|13.1|10.8|10.8|1.3|0.9|21.1|10|0.5|0.5|1|0.081|-3.6|0|-3.6|-0.2
GG Jackson II|PF|19|MEM|48|1233|13.7|0.554|0.508|0.272|4.5|13.2|8.7|8|1.1|1.8|9.3|24.2|0.2|1.1|1.2|0.048|-0.2|-1.8|-2|0
Isaiah Jackson|C|22|IND|59|771|21.5|0.689|0.017|0.438|13.8|21.2|17.5|8.3|2.1|6.3|12.3|17.2|2.2|1.1|3.3|0.204|0.3|1.4|1.7|0.7
Jaren Jackson Jr.|C|24|MEM|66|2124|17.4|0.552|0.315|0.359|4.2|15|9.4|13.1|1.8|4.7|10.6|30.4|0.2|2.8|3|0.067|0|0.4|0.4|1.3
Justin Jackson|SF|28|MIN|2|1|0|NA|NA|NA|0|0|0|0|0|0|NA|0|0|0|0|0.031|-6.3|-1.2|-7.5|0
Quenton Jackson|PG|25|IND|3|11|16.1|0.532|0|2|0|41.2|20.6|18.6|4.3|0|0|7.2|0|0|0|0.203|-3.5|6.8|3.3|0
Reggie Jackson|PG|33|DEN|82|1817|11.7|0.521|0.376|0.13|2.1|7.2|4.7|23|1.2|0.6|11.7|21.7|0.6|1.5|2.1|0.056|-1.8|-1.5|-3.2|-0.6
Trayce Jackson-Davis|PF|23|GSW|68|1130|21.6|0.692|0.003|0.398|13.1|19.4|16.3|10.4|1.2|6.1|11.2|16.4|3.2|1.6|4.8|0.205|1.5|1.2|2.8|1.4
LeBron James|PF|39|LAL|71|2504|23.7|0.63|0.286|0.318|2.8|19.3|11.5|37.5|1.7|1.3|14.5|29.2|5.7|2.8|8.5|0.164|5.5|0.9|6.5|5.4
Jaime Jaquez Jr.|SF|22|MIA|75|2113|12.9|0.574|0.29|0.251|4.4|11|7.6|13.9|1.8|0.9|12.4|18.7|1.4|2.7|4|0.092|-2.2|0.3|-1.9|0.1
DeJon Jarreau|SG|26|MEM|9|150|9.6|0.392|0.26|0.22|5.6|27.3|16|25.4|2|1.2|14.1|18.3|-0.2|0.2|0|0.002|-4.6|0.7|-4|-0.1
DaQuan Jeffries|SG|26|NYK|17|46|3.1|0.391|0.588|0.118|0|12.2|6.1|14.9|0|2|14.4|19.6|-0.1|0|-0.1|-0.087|-5.6|-2.5|-8.1|-0.1
Trey Jemison|C|24|TOT|25|573|11.8|0.582|0|0.184|11.7|13.9|12.8|7.1|1|4.6|18.8|13.5|0.3|0.6|0.9|0.073|-4.7|-0.4|-5.1|-0.5
Ty Jerome|SG|26|CLE|2|15|7.6|0.5|0.25|0|7.6|0|3.7|27.3|0|0|20|14.7|0|0|0|0.04|-4.1|-0.8|-4.9|0
Isaiah Joe|SG|24|OKC|78|1445|13.4|0.626|0.728|0.107|2.6|11|6.9|8.9|1.5|1.4|8.5|16.6|1.9|1.6|3.5|0.116|1.1|-0.3|0.9|1
Cameron Johnson|PF|27|BRK|58|1599|14.5|0.582|0.57|0.176|3.7|13.8|8.6|12.9|1.5|0.8|7.9|19.6|2|1.3|3.3|0.1|0.9|-0.5|0.4|1
Jalen Johnson|SF|22|ATL|56|1889|16.3|0.584|0.285|0.209|4.1|24.8|14.1|15.4|1.7|2.2|11.6|19.1|2.1|1.7|3.8|0.098|0.4|0.8|1.2|1.5
James Johnson|PF|36|IND|9|47|5|0.368|0.2|0.2|2.4|7.2|4.8|18.6|5|1.7|31.5|14.2|-0.1|0.1|0|-0.05|-8|2.2|-5.8|0
Keldon Johnson|SF|24|SAS|69|2038|14.2|0.565|0.426|0.256|5|15.1|10|14.2|1.2|0.8|9.4|21.9|1.5|1.5|3|0.071|-0.3|-1.4|-1.7|0.2
Keon Johnson|SG|21|BRK|5|61|13.1|0.59|0.476|0.571|5.2|7.4|6.3|6.9|2.4|1.5|16|22.2|0|0.1|0.1|0.068|-1.6|-1.1|-2.7|0
Keyontae Johnson|SF|23|OKC|9|66|1.6|0.344|0.188|0|7|9.8|8.4|7.2|0.7|0|20|13.1|-0.1|0.1|-0.1|-0.068|-7.5|-2.2|-9.8|-0.1
Nikola Jokić|C|28|DEN|79|2737|31|0.65|0.164|0.31|9.3|29.6|19.8|42|2|2.1|12.9|29.3|12|5.1|17|0.299|9|4.2|13.2|10.6
Colby Jones|SG|21|SAC|30|192|8.9|0.422|0.31|0.155|9.7|13.7|11.7|13.9|1.8|2.4|11.6|19.1|-0.2|0.2|0|0.007|-5.4|0.4|-5|-0.1
Damian Jones|C|28|CLE|39|270|15.8|0.659|0.194|0.292|8.4|17.3|12.9|7.9|1.3|4.3|13.8|15.4|0.4|0.4|0.8|0.15|-1.7|1.2|-0.5|0.1
Derrick Jones Jr.|SF|26|DAL|76|1783|11.7|0.592|0.483|0.275|5|10.3|7.7|5.5|1.4|2.5|10.5|14.9|1.5|1.6|3.1|0.083|-1.3|-0.3|-1.5|0.2
Herbert Jones|SF|25|NOP|76|2321|13.2|0.636|0.464|0.269|3.6|9.4|6.5|11.3|2.2|2.6|12.4|14.1|3.3|3|6.3|0.131|-0.9|1.5|0.6|1.6
Mason Jones|SG|25|SAC|5|28|5.8|0.394|0.875|0.25|3.9|16.4|10|21.7|1.7|0|18.4|16.6|0|0|0|-0.018|-5.4|0|-5.5|0
Tre Jones|PG|24|SAS|77|2138|14.7|0.591|0.318|0.197|2.9|11.8|7.3|30.8|1.7|0.3|15.1|15.2|3.4|1.6|4.9|0.111|-0.4|0.1|-0.4|0.9
Tyus Jones|PG|27|WAS|66|1933|16.5|0.578|0.384|0.06|1.1|9|5|34.6|1.7|0.8|8.8|16.3|3.9|0.7|4.5|0.113|1.5|-0.9|0.7|1.3
DeAndre Jordan|C|35|DEN|36|396|16|0.61|0|0.57|15.6|28|22|8.5|0.8|3.4|16.5|15.4|0.6|0.6|1.2|0.147|-1.7|-0.1|-1.7|0
Cory Joseph|PG|32|GSW|26|296|6.2|0.47|0.656|0.109|2.2|8.6|5.5|17.2|0.7|0.9|15.2|11.3|0|0.2|0.2|0.034|-4|-0.7|-4.7|-0.2
Nikola Jović|PF|20|MIA|46|896|12.8|0.583|0.58|0.167|3.1|21.3|12.1|14.7|1.4|1.5|12.2|17.1|0.6|1.3|1.9|0.103|-0.9|1.3|0.3|0.5
Johnny Juzang|SG|22|UTA|20|372|9.6|0.62|0.7|0.127|2.1|8.5|5.3|8.4|0.5|0.5|10.1|14.5|0.4|0|0.4|0.047|-1.5|-2.2|-3.7|-0.2
Luke Kennard|SG|27|MEM|39|999|13.1|0.641|0.756|0.143|1.2|11.6|6.2|20.8|1|0.2|13.9|16.7|1.4|0.7|2.1|0.099|0.6|-0.9|-0.3|0.4
Walker Kessler|C|22|UTA|64|1493|18|0.663|0.054|0.266|12.3|23.1|17.7|5.6|1|9.2|14.4|12.8|2.4|1.7|4.1|0.131|-0.4|1.3|0.9|1.1
Braxton Key|SF|26|DEN|20|60|16.5|0.536|0.294|0.471|5.7|26.9|16.6|18.8|1.7|1.4|4.6|15.7|0.1|0.1|0.2|0.18|0.5|1.6|2.1|0.1
Corey Kispert|SF|24|WAS|80|2067|12.8|0.62|0.605|0.198|1.5|10.3|5.8|10.7|0.9|0.6|10.2|19.6|1.7|0.4|2.1|0.048|-0.2|-2|-2.1|-0.1
Maxi Kleber|C|32|DAL|43|871|8.8|0.573|0.63|0.322|3.8|14.1|9|9.5|0.9|3|14.4|9.6|0.6|0.8|1.4|0.08|-2.3|1|-1.3|0.2
Kevin Knox|SF|24|DET|31|560|9.9|0.57|0.505|0.118|3.5|11.5|7.5|5.9|1.1|1.1|10.1|16.6|0.1|0.2|0.4|0.033|-2.8|-1.8|-4.6|-0.4
John Konchar|SF|27|MEM|55|1173|11.4|0.537|0.577|0.12|6.5|18|12|13|2.1|4.1|17.4|9.7|0.5|1.7|2.2|0.091|-2.6|2.2|-0.4|0.5
Furkan Korkmaz|SG|26|PHI|35|300|9.2|0.519|0.526|0.263|1.4|9.7|5.5|11|2.3|0.9|10.5|13.6|0|0.3|0.4|0.057|-3.2|0.4|-2.7|-0.1
Luke Kornet|C|28|BOS|63|983|19.8|0.736|0.005|0.266|13.5|15.1|14.3|8.9|1.2|5.5|8.5|11|3.5|1.6|5.1|0.248|1.6|1.8|3.4|1.3
Vit Krejci|PG|23|ATL|22|541|8.4|0.633|0.654|0.058|2.1|8.6|5.2|11.6|1.2|1|15.8|9.8|0.5|0.1|0.6|0.056|-3.3|-0.4|-3.7|-0.2
Jonathan Kuminga|PF|21|GSW|74|1949|17|0.598|0.191|0.347|5.2|14.4|9.8|12.5|1.4|1.7|10.9|24.1|2.7|1.9|4.6|0.113|0|-0.4|-0.4|0.8
Kyle Kuzma|PF|28|WAS|70|2281|15.7|0.547|0.343|0.183|2.8|19.3|10.9|20.7|0.8|1.8|11.9|29.7|-1|1.1|0.2|0.004|0.5|-1.6|-1.1|0.5
Jock Landale|C|28|HOU|56|763|15.6|0.584|0.194|0.316|12.2|11.9|12.1|11.8|1.3|4|11.7|14.8|1.4|0.9|2.3|0.146|-0.5|0.4|-0.1|0.4
Jake LaRavia|PF|22|MEM|35|806|12.6|0.54|0.515|0.36|6.7|10.9|8.7|11.1|1.8|1.4|11.4|21.1|0.3|0.8|1|0.062|-1.4|-1|-2.5|-0.1
Zach LaVine|SG|28|CHI|25|872|15.1|0.578|0.449|0.274|1|15.8|8.3|16.8|1.2|0.9|11|23.8|0.8|0.6|1.5|0.08|0.8|-0.7|0.1|0.5
A.J. Lawson|SG|23|DAL|42|311|11.2|0.519|0.413|0.19|4.9|12.6|8.8|8.9|1.5|0.8|9.6|20|0|0.3|0.2|0.036|-3.1|-1.5|-4.6|-0.2
Saben Lee|PG|24|PHO|24|185|13.5|0.492|0.291|0.709|5.8|12.8|9.5|21|1.8|1.4|10|18.8|0.2|0.2|0.4|0.099|-2|0.6|-1.4|0
Alex Len|C|30|SAC|48|444|14.7|0.625|0.037|0.42|11.3|21.2|16.1|14.4|1.2|6.8|22|11.8|0.6|0.7|1.3|0.138|-2.7|2.9|0.2|0.2
Kawhi Leonard|SF|32|LAC|68|2330|23.2|0.626|0.289|0.246|4.2|15.6|10.1|16.9|2.4|2.3|8.5|26.5|6|2.9|8.9|0.184|4.8|0.6|5.5|4.4
Caris LeVert|SG|29|CLE|68|1958|14.6|0.524|0.405|0.245|2.3|13.7|8|25.7|1.9|1.6|11.4|23.1|1|2.6|3.6|0.088|-0.6|0.8|0.2|1.1
Kira Lewis Jr.|PG|22|TOT|28|265|8.6|0.441|0.359|0.217|3.8|7|5.4|18.8|1.7|0.7|12.2|18.5|-0.2|0.2|0|-0.005|-4.4|-1.4|-5.8|-0.3
Maxwell Lewis|SF|21|LAL|34|103|-3.9|0.246|0.429|0.143|2.3|2.1|2.2|6.8|0.9|0.8|30.9|13.6|-0.5|0|-0.4|-0.195|-10.3|-3.2|-13.5|-0.3
E.J. Liddell|PF|23|NOP|8|23|4.3|0.291|0.833|0.333|0|23.9|12.1|5.2|4.3|8.6|22.5|16.8|-0.1|0.1|0|-0.091|-8.7|4|-4.7|0
Damian Lillard|PG|33|MIL|73|2579|19.6|0.59|0.487|0.403|1.6|11.8|6.8|28.8|1.3|0.6|11.4|28.4|5.8|1.9|7.7|0.143|3.4|-1.3|2.1|2.7
Nassir Little|SF|23|PHO|45|458|9.9|0.572|0.565|0.161|3.6|14.3|9.3|6.1|1.1|1.9|9.5|13.9|0.3|0.4|0.7|0.074|-2.4|-0.6|-3|-0.1
Dereck Lively II|C|19|DAL|55|1294|18.1|0.728|0.007|0.274|11.4|20.4|16|6.4|1.3|5.2|13.1|12.6|3.1|1.8|4.9|0.183|-0.3|0.8|0.5|0.8
Isaiah Livers|PF|25|DET|23|469|5.1|0.46|0.664|0.155|3.5|8|5.7|7|1.3|0.9|11.4|12.7|-0.3|0.2|-0.1|-0.015|-5|-1.5|-6.5|-0.5
Chris Livingston|SF|20|MIL|21|90|6.9|0.547|0.227|0.182|3.7|21.5|12.8|7.2|1.1|0|17.4|13.8|0|0.1|0.1|0.027|-7|-1|-8|-0.1
Kenneth Lofton Jr.|PF|21|TOT|21|199|14.7|0.537|0.308|0.333|6.6|14.6|10.5|25.7|1.5|2.3|13.5|22.1|0.1|0.2|0.3|0.068|-0.6|0.3|-0.3|0.1
Kevon Looney|C|27|GSW|74|1194|15.1|0.62|0.004|0.356|13.1|24.6|18.9|14.2|1.1|2.2|15.6|11.3|2.5|1.6|4|0.162|-0.8|1.4|0.6|0.8
Brook Lopez|C|35|MIL|79|2411|14.8|0.608|0.535|0.177|5.4|13|9.3|7.1|0.9|6.7|8.8|16|3.1|2.8|5.9|0.117|0.2|0.8|1|1.8
Robin Lopez|C|35|MIL|16|65|6.6|0.453|0.421|0.105|5.2|3.3|4.2|7.8|0.7|3.9|9.1|14.5|0|0|0|0.007|-4.7|-1.4|-6.1|-0.1
Kevin Love|PF|35|MIA|55|924|18.5|0.597|0.68|0.301|7.2|34.5|20.7|19|1|1.1|10.6|21.9|1.7|1.6|3.3|0.17|2.7|1|3.6|1.3
Kyle Lowry|PG|37|TOT|60|1690|10.9|0.594|0.663|0.199|2.2|10.8|6.4|20.1|1.7|1.2|17.2|12.9|1.6|1.9|3.5|0.1|-1.9|0.9|-1|0.4
Seth Lundy|SF|23|ATL|9|52|0|0.373|0.765|0.235|2|13.1|7.3|0|0|0|5.1|15.8|-0.1|0|-0.1|-0.092|-7.7|-5|-12.7|-0.1
Trey Lyles|PF|28|SAC|58|1158|11.9|0.596|0.682|0.218|5.8|19.4|12.4|8.1|0.7|1.5|9.7|14.4|1.3|1|2.4|0.098|-0.4|-0.7|-1.1|0.3
Théo Maledon|PG|22|TOT|17|213|3.2|0.385|0.429|0.214|2|10.8|6.3|17.8|1.6|0|19|19.6|-0.6|0.1|-0.5|-0.122|-8.3|-2.1|-10.3|-0.5
Sandro Mamukelashvili|C|24|SAS|46|451|15.8|0.559|0.413|0.219|10.7|24.7|17.6|15.4|0.7|2.2|10.1|17.7|0.6|0.4|1|0.11|-0.1|-0.4|-0.5|0.2
Terance Mann|SG|27|LAC|75|1873|12|0.615|0.414|0.193|5.4|9.7|7.7|8.5|1.1|0.7|8.2|13.6|3|1.2|4.2|0.106|-0.8|-0.7|-1.5|0.2
Tre Mann|PG|22|TOT|41|987|13.7|0.559|0.399|0.187|2.2|15|8.5|24.1|2.5|0.3|16|18.2|0.4|0.8|1.2|0.058|-1.7|0.4|-1.3|0.2
Boban Marjanović|C|35|HOU|14|71|21.1|0.56|0.059|0.412|10.5|38.2|24.2|13.9|0.7|2.6|11.1|27|0.1|0.1|0.2|0.128|0.2|-0.5|-0.3|0
Lauri Markkanen|PF|26|UTA|55|1820|21.5|0.631|0.493|0.311|7.4|19.6|13.6|9.5|1.3|1.3|7.1|25|5.2|0.9|6.2|0.163|5.1|-1.5|3.6|2.6
Naji Marshall|SF|26|NOP|66|1257|12.7|0.576|0.409|0.234|4.8|16.4|10.6|13.6|1.9|0.9|13.8|16.3|1|1.6|2.6|0.1|-1.3|0.5|-0.7|0.4
Caleb Martin|SF|28|MIA|64|1756|10.8|0.531|0.415|0.177|4.7|13.5|9.1|11.8|1.3|1.6|11.3|17.3|0.2|2.2|2.4|0.066|-2.2|0.2|-2|0
Cody Martin|SF|28|CHO|28|753|9.2|0.46|0.4|0.153|2.8|13.9|8.1|19.1|2.1|2.2|16.1|16.1|-0.7|0.5|-0.2|-0.012|-4.1|0.6|-3.5|-0.3
KJ Martin|SF|23|TOT|60|746|9.9|0.563|0.155|0.227|6|13.6|9.7|9.4|1.5|1.5|13.9|13.4|0.3|0.8|1.1|0.071|-4|-0.1|-4.1|-0.4
Garrison Mathews|SG|27|ATL|66|992|8.9|0.665|0.854|0.186|1.8|8.6|5.1|4.8|1|0.7|7.2|11.1|1.4|0.2|1.6|0.077|-2.1|-0.9|-3|-0.2
Bennedict Mathurin|SF|21|IND|59|1538|13|0.562|0.323|0.338|4.4|12.8|8.6|9.8|1.1|0.7|11.3|23.4|0.8|0.7|1.4|0.045|-1.2|-2.3|-3.4|-0.6
Wesley Matthews|SG|37|ATL|36|413|8.2|0.511|0.711|0.247|2.3|12.1|7|6.9|1.9|2.4|6.9|11.7|0.2|0.3|0.4|0.049|-3.1|0.3|-2.8|-0.1
Tyrese Maxey|PG|23|PHI|70|2626|19.8|0.573|0.401|0.266|1.5|9.5|5.4|26.7|1.3|1.1|6.8|28|5.9|2.1|8.1|0.147|4.1|-1|3.1|3.4
Skylar Mays|PG-SG|26|TOT|38|433|12|0.466|0.34|0.107|2.5|8.9|5.6|29.1|2.4|0.8|10.7|18.4|0.1|0.3|0.4|0.044|-2.1|0.1|-2|0
Miles McBride|PG|23|NYK|68|1328|13.1|0.59|0.586|0.11|2.6|5.9|4.2|12.2|1.9|0.5|5.9|16.4|2.4|1.3|3.6|0.131|-0.4|0.4|-0.1|0.6
CJ McCollum|PG|32|NOP|66|2159|17.9|0.592|0.528|0.132|2|12.6|7.4|21.4|1.4|1.9|9|24.7|3.5|2.4|5.9|0.132|3.3|-0.3|3.1|2.8
T.J. McConnell|PG|31|IND|71|1291|20.9|0.586|0.074|0.105|3.2|13.6|8.4|41.8|2.6|0.5|14.8|23.7|2.8|1.1|3.9|0.143|2.9|0.1|3|1.6
Jaden McDaniels|SF|23|MIN|72|2105|9.4|0.571|0.406|0.126|3.2|8.7|6|6.8|1.5|1.8|11.6|15.7|0.3|3.1|3.4|0.077|-3.3|0.7|-2.6|-0.3
Jalen McDaniels|SF|26|TOR|50|538|5|0.412|0.376|0.196|3.6|12.7|8.1|9.1|1.7|1|12.8|18.7|-1.1|0.3|-0.8|-0.074|-7.2|-1.8|-9|-1
Doug McDermott|SF|32|TOT|64|904|9.1|0.6|0.806|0.067|1.2|6|3.6|10.3|0.8|0.2|8.7|14.9|0.6|0.3|0.9|0.046|-1.5|-1.9|-3.4|-0.3
JaVale McGee|C|36|SAC|46|339|19|0.609|0.053|0.341|13.6|28.4|20.8|7.6|2|5.4|18.3|23.4|0.1|0.6|0.7|0.101|-1.9|0.6|-1.3|0.1
Bryce McGowens|SG|21|CHO|59|882|9.3|0.565|0.443|0.37|2.1|11.2|6.5|8.1|1.2|1.1|10.1|14.9|0.4|0.3|0.6|0.034|-3.7|-1.1|-4.9|-0.6
Jordan McLaughlin|PG|27|MIN|56|626|15.5|0.638|0.614|0.124|3.4|9.4|6.5|23.7|2.8|1|11.1|12.1|1.4|1.1|2.5|0.193|1.4|2.9|4.2|1
De'Anthony Melton|SG|25|PHI|38|1023|13.4|0.533|0.594|0.219|3|12.4|7.6|15.4|2.9|1.4|9|18.3|0.8|1.4|2.1|0.099|-0.7|1.2|0.5|0.7
Nathan Mensah|C|25|CHO|25|307|5|0.496|0|0.429|10.3|13.6|11.9|3.7|1|4.3|29.6|6.8|0|0.2|0.1|0.023|-8.7|-0.1|-8.8|-0.5
Sam Merrill|SG|27|CLE|61|1069|13.1|0.598|0.901|0.071|2.3|10.2|6.3|14.1|0.9|0.3|4.5|17.5|1.9|0.9|2.8|0.125|1.3|-0.8|0.5|0.7
Chimezie Metu|C|26|TOT|51|859|13.3|0.61|0.385|0.262|5.5|19.6|12.7|7.4|2.4|1.6|16|16.2|0.5|1.1|1.5|0.085|-2.1|0.8|-1.3|0.2
Vasilije Micić|PG|30|TOT|60|1176|10.7|0.524|0.416|0.203|1.3|7.1|4.2|31.1|1.3|0.6|19.7|18.8|-0.1|0.4|0.4|0.015|-2.5|-2.2|-4.6|-0.8
Khris Middleton|SF|32|MIL|55|1487|17|0.595|0.384|0.187|3|15.7|9.5|28.9|1.6|0.9|15.4|23.9|1.9|1.4|3.4|0.109|1.1|0|1.1|1.2
Brandon Miller|SF|21|CHO|74|2383|13|0.552|0.455|0.16|2.7|12.4|7.4|11.6|1.4|1.6|10.2|23.9|-0.3|1|0.8|0.015|-0.9|-1.6|-2.6|-0.3
Jordan Miller|SF|24|LAC|8|28|14.1|0.658|0.222|0.222|12.5|7.8|10.1|0|0|0|9.2|17|0.1|0|0.1|0.116|0.4|-4.2|-3.8|0
Leonard Miller|SF|20|MIN|17|52|27|0.694|0.25|0.1|11.5|31.3|21.8|25.5|1.9|1.7|4.6|18.6|0.2|0.1|0.3|0.323|5.9|3.7|9.6|0.2
Dariq Whitehead|SF|19|BRK|2|24|4.9|0.255|0.6|0.4|0|18.8|9.1|15.6|0|3.8|0|10.6|0|0|0|-0.03|-5.5|-2.4|-7.9|0
Patty Mills|PG|35|TOT|32|415|7.2|0.467|0.664|0.084|2.3|7.1|4.7|11.1|2.4|0.2|10.5|15.9|-0.3|0.4|0.1|0.009|-5|0.4|-4.6|-0.3
Shake Milton|SG|27|TOT|48|581|9.2|0.499|0.328|0.251|2.8|11.5|7.3|14.4|1.6|0.9|12.5|18.7|-0.2|0.8|0.6|0.048|-4.3|0.6|-3.7|-0.3
Justin Minaya|SF|24|POR|34|381|5.8|0.391|0.662|0.122|8.3|8.1|8.2|7.3|1.2|2.4|10.3|9.7|-0.1|0.2|0.1|0.009|-5.1|-0.5|-5.6|-0.3
Josh Minott|SF|21|MIN|32|91|20.4|0.593|0.278|0.389|5.2|15.5|10.6|13.2|2.7|4.9|4.5|21.4|0.2|0.2|0.4|0.222|1.8|3.3|5.1|0.2
Davion Mitchell|PG|25|SAC|72|1101|9.3|0.555|0.489|0.13|1.9|7.9|4.8|16|0.7|0.2|11.2|14.9|0.8|0.6|1.3|0.059|-2.4|-1|-3.4|-0.4
Donovan Mitchell|SG|27|CLE|55|1942|22.1|0.595|0.454|0.292|2.7|13.4|8.1|28.3|2.6|1.4|11.1|31.4|3.6|2.9|6.4|0.159|4.6|1.2|5.8|3.9
Evan Mobley|PF|22|CLE|50|1532|20.1|0.626|0.107|0.31|8.2|25.9|17.2|15.9|1.5|4.2|12.5|20.6|2.8|2.7|5.5|0.174|0.9|2|2.9|1.9
Isaiah Mobley|PF|24|CLE|10|72|8.1|0.471|0.417|0.042|4.7|10.8|7.8|11.5|1.4|0|7.6|16.2|0|0.1|0|0.032|-4.5|-2.1|-6.6|-0.1
Malik Monk|SG|25|SAC|72|1872|16|0.564|0.474|0.23|1.6|11.3|6.3|28.9|1.2|1.9|13.2|25.9|1.9|1.6|3.5|0.09|1.5|-1|0.6|1.2
Moses Moody|SG|21|GSW|66|1156|13.7|0.578|0.476|0.221|6.2|12.1|9.2|6.7|1.8|1.9|8.7|18.4|1.2|1.2|2.4|0.101|-0.2|0.1|-0.1|0.6
Xavier Moon|SG|29|LAC|14|119|8.1|0.352|0.37|0.043|7.9|9.2|8.5|23.4|1.2|2.3|9.6|19.1|-0.2|0.1|-0.1|-0.026|-4.7|-1.4|-6.1|-0.1
Taze Moore|SG|25|POR|4|40|11.8|0.453|0.368|0.105|10.6|11.9|11.2|20.4|2.5|0|13.1|24.3|0|0|0|-0.017|-2.5|-0.6|-3.1|0
Wendell Moore Jr.|SG|22|MIN|25|75|8.6|0.5|0.333|0|0|17.4|9.1|10.9|3.3|1.2|18.2|13|-0.1|0.2|0.1|0.052|-6.1|3.3|-2.8|0
Ja Morant|PG|24|MEM|9|318|20.6|0.57|0.3|0.376|2|15.8|8.6|42.2|1.1|1.5|12|30.4|0.5|0.3|0.8|0.124|2.7|0.4|3.1|0.4
Marcus Morris|PF|34|TOT|49|817|9.9|0.558|0.451|0.167|3.1|15.2|9.1|6.1|0.9|1.4|9.6|16.6|0.2|0.8|1|0.06|-2.5|-1.3|-3.8|-0.4
Markieff Morris|PF|34|DAL|26|216|6.6|0.467|0.618|0.088|2|17.6|9.9|9.4|1.1|1.2|14.5|16.4|-0.3|0.2|-0.1|-0.014|-4|-1.3|-5.3|-0.2
Monte Morris|PG|28|TOT|33|476|13.2|0.508|0.458|0.124|1.7|11.5|6.8|20|2|1.7|4.2|15.5|0.5|0.7|1.2|0.123|-0.8|1.5|0.7|0.3
Trey Murphy III|SF|23|NOP|57|1690|16.3|0.612|0.717|0.243|2.8|15.5|9.2|10.2|1.5|1.6|4.7|18.6|3.4|2|5.4|0.154|2.5|0|2.5|1.9
Dejounte Murray|SG|27|ATL|78|2783|17.7|0.555|0.379|0.179|2.3|14.4|8.1|27.9|1.9|0.8|11.3|26.6|3.3|1.6|4.9|0.084|2.3|-0.6|1.7|2.6
Jamal Murray|PG|26|DEN|59|1861|20.7|0.586|0.346|0.187|2.6|11.6|7.2|31.2|1.5|1.8|10.5|27.9|3.8|2.1|5.9|0.153|4.5|-0.4|4.1|2.9
Keegan Murray|SF|23|SAC|77|2588|13.3|0.569|0.524|0.127|4.5|13.9|9.1|6.9|1.5|2.1|5.9|18.1|2.6|2.6|5.2|0.096|-0.4|-0.5|-0.9|0.8
Kris Murray|SF|23|POR|62|1348|9|0.481|0.5|0.153|6.7|12.3|9.3|8.4|1.9|1.4|12.3|14.1|-0.4|1|0.7|0.024|-3.5|-0.2|-3.6|-0.6
Mike Muscala|C|32|TOT|53|600|7.5|0.47|0.615|0.16|7|15.8|11.3|7.6|0.7|1.8|11.6|13.4|-0.2|0.3|0.1|0.009|-3.9|-1.4|-5.3|-0.5
Svi Mykhailiuk|SF|26|BOS|41|413|11.7|0.575|0.788|0.066|3|10|6.7|11|1.3|0.2|7.8|16.1|0.5|0.4|0.9|0.106|-0.9|-0.9|-1.8|0
Larry Nance Jr.|C|31|NOP|61|1216|14.9|0.653|0.27|0.253|8.7|19.3|14.1|12.1|2.5|1.5|15.5|11.3|2.1|1.9|4.1|0.16|-0.2|2.2|2|1.2
Pete Nance|PF|23|CLE|8|27|-3.9|0.218|0.167|0.333|0|12.3|6.2|0|1.8|0|12.7|12.9|-0.1|0|-0.1|-0.154|-11.9|-3.2|-15.2|-0.1
Andrew Nembhard|PG|24|IND|68|1697|11.3|0.573|0.328|0.107|2.4|7|4.7|20|1.8|0.3|15.6|16|1.3|0.7|2|0.057|-1.6|-0.5|-2.2|-0.1
Aaron Nesmith|SF|24|IND|72|1995|12.8|0.631|0.526|0.216|3.6|12|7.8|6.6|1.5|2|8.4|16|2.8|1.3|4.1|0.098|-0.3|-0.2|-0.5|0.8
Georges Niang|PF|30|CLE|82|1831|9.9|0.583|0.627|0.095|1.4|15.5|8.5|7.5|0.8|0.9|9.9|17.6|0.5|2|2.4|0.064|-2.5|-0.4|-2.9|-0.4
Daishen Nix|PG|21|MIN|15|50|12.3|0.507|0.708|0.25|2.4|4.3|3.4|17.8|4.9|0|15.8|28|-0.1|0.1|0|0.014|-2.8|1.4|-1.4|0
Zeke Nnaji|PF|23|DEN|58|576|12.4|0.528|0.154|0.416|12.1|12.2|12.1|7|1.3|5.6|13.3|15.4|0.4|0.8|1.2|0.099|-3.8|0.1|-3.7|-0.2
Jaylen Nowell|SG|24|TOT|13|214|9.2|0.494|0.372|0.115|3|9.6|6.2|13.6|0.9|0.8|7.9|17.8|0|0.1|0.1|0.016|-4.1|-1.4|-5.4|-0.2
Markquis Nowell|SG|24|TOR|1|4|55.5|0.532|0|2|53.9|0|27.5|57.1|12.1|0|0|20.1|0|0|0.1|0.665|29.1|14.2|43.3|0
Frank Ntilikina|PG|25|CHO|5|43|0|0.253|0.889|0.222|2.5|13.5|7.8|11.5|0|0|9.2|11.2|-0.1|0|-0.1|-0.099|-10|-3.4|-13.4|-0.1
Jusuf Nurkić|C|29|PHO|76|2078|17.4|0.559|0.144|0.416|12.8|31.7|22.8|19.9|1.9|3.4|19.1|19.1|2|3.8|5.8|0.133|-1|2.1|1.1|1.6
Jordan Nwora|SF|25|TOT|52|712|13.7|0.565|0.438|0.177|4.3|19.1|11.6|12.3|1.8|1.6|14.1|22.4|-0.1|0.6|0.5|0.034|-1.1|-1.5|-2.5|-0.1
Royce O'Neale|SF|30|TOT|79|1954|11.1|0.548|0.783|0.065|3.4|17.9|10.7|15|1.5|2|11.6|13.9|1.3|2.1|3.4|0.085|-1|1|0|1
Chuma Okeke|SF|25|ORL|47|432|6.9|0.465|0.732|0.063|4.9|17|10.9|6.2|1|1.5|12.2|13.3|-0.3|0.6|0.3|0.029|-3.2|-0.2|-3.4|-0.2
Josh Okogie|SG|25|PHO|60|960|12|0.552|0.456|0.495|9.2|9|9.1|8.4|2.4|2.2|12.5|13|1|1.1|2.1|0.104|-1.3|0.8|-0.5|0.4
Onyeka Okongwu|C|23|ATL|55|1405|16.9|0.674|0.189|0.318|10.8|18.6|14.6|7.2|0.9|3.8|9.8|13.7|3.5|1|4.5|0.153|0|-0.5|-0.4|0.5
Isaac Okoro|SF|23|CLE|69|1887|11.4|0.599|0.448|0.285|4|8.2|6.1|9.5|1.5|1.6|9.1|13.9|2.1|2|4.2|0.106|-1.8|0.7|-1.1|0.4
Kelly Olynyk|C|32|TOT|78|1759|17.4|0.661|0.312|0.362|6.7|19|12.9|27.6|2|1.5|20.9|17.5|3.5|1.4|4.9|0.133|0.7|1.1|1.8|1.7
Eugene Omoruyi|SF|26|WAS|43|393|16|0.549|0.275|0.293|9.3|13.9|11.6|13|3.2|1|10|22.5|0.2|0.4|0.6|0.074|-1.9|-0.4|-2.3|0
Cedi Osman|SF|28|SAS|72|1269|11.2|0.601|0.576|0.135|2.1|13.3|7.7|13|1.3|0.7|10.4|15.1|1|0.9|1.9|0.071|-1.7|-0.3|-2.1|0
Kelly Oubre Jr.|SF|28|PHI|68|2055|13.5|0.535|0.37|0.264|5|13.5|9.2|7.3|1.8|2.1|8.2|22.4|0.6|2.4|3|0.07|-1.5|-0.7|-2.3|-0.1
Chris Paul|PG|38|GSW|58|1531|14.7|0.544|0.45|0.111|1.3|14.4|7.9|33.4|2.2|0.4|13.4|15.6|2.6|1.7|4.3|0.136|-0.2|1.2|1|1.2
Cameron Payne|PG|29|TOT|78|1304|12.8|0.566|0.555|0.139|1.8|8.1|4.9|21.9|1.6|0.8|11.4|19.1|1.4|1|2.4|0.089|-0.5|-0.6|-1.1|0.3
Gary Payton II|SG|31|GSW|44|680|13.9|0.621|0.301|0.126|7.4|10.5|9|9.4|2.8|2.4|12.3|13.6|0.9|0.9|1.8|0.125|-1.3|2.2|0.9|0.5
Mãozinha Pereira|SF|23|MEM|7|122|15.7|0.609|0.371|0.286|9.5|24.3|16.6|2.5|2.4|3.1|11.3|15.6|0.1|0.2|0.3|0.123|-1.2|0.7|-0.5|0
Drew Peterson|PF|24|BOS|3|23|18.5|0.917|0.833|0|0|4.5|2.3|5.9|4.3|0|14.3|13.3|0.1|0|0.1|0.194|3.8|1.6|5.3|0
Filip Petrušev|C|23|TOT|3|10|5.1|0.521|0|1|0|11.2|5.5|0|0|0|0|12.3|0|0|0|0.029|-4.7|-3.3|-8|0
Julian Phillips|SF|20|CHI|40|323|7|0.521|0.494|0.247|4.1|8.5|6.2|5.3|1.1|2.2|10.5|13|0|0.2|0.2|0.031|-4.7|-0.6|-5.3|-0.3
Jalen Pickett|SG|24|DEN|27|122|9.7|0.571|0.714|0.114|0.9|11.5|6.4|21.7|1.6|0|19.7|16.4|0|0.1|0.2|0.065|-2.7|-0.5|-3.3|0
Scotty Pippen Jr.|PG|23|MEM|21|527|16.4|0.596|0.355|0.271|4.4|9.7|7|30.7|3.3|1.8|19.8|23|0.3|0.7|1|0.09|-0.1|1.4|1.3|0.4
Mason Plumlee|C|33|LAC|46|674|15.8|0.621|0.039|0.647|10.4|28.2|19.6|10.8|1|2.3|15.5|15.1|1.2|0.9|2|0.146|-1.1|0.4|-0.8|0.2
Brandin Podziemski|SG|20|GSW|74|1968|13|0.54|0.392|0.132|6.6|16.7|11.7|18.1|1.5|0.6|12.2|15.4|2.1|2|4.1|0.1|-0.5|0.4|-0.1|0.9
Jakob Poeltl|C|28|TOR|50|1319|18.9|0.653|0|0.283|11.9|24.1|17.9|14|1.3|5.1|15.3|16.2|2.4|1.4|3.8|0.138|-0.3|1|0.7|0.9
Aleksej Pokusevski|PF|22|TOT|28|405|12.7|0.525|0.455|0.339|4.6|20.4|12.3|12|1.8|3|12|17.2|0|0.4|0.4|0.05|-1.8|-0.1|-1.9|0
Jordan Poole|SG|24|WAS|78|2346|12.1|0.529|0.476|0.185|1.4|8.4|4.8|21.4|1.7|0.9|12.8|26.4|-1.5|0.8|-0.6|-0.013|-2|-1.9|-3.9|-1.2
Craig Porter Jr.|PG|23|CLE|51|649|15.4|0.564|0.149|0.246|3.7|15.1|9.4|26.5|1.6|2.1|15.1|20.2|0.6|0.9|1.5|0.108|-0.6|1.1|0.5|0.4
Jontay Porter|PF|24|TOR|26|360|14.9|0.514|0.577|0.173|7.8|17.5|12.5|21.8|2.7|4.9|15.8|15.8|0.2|0.4|0.7|0.089|-0.3|1.9|1.7|0.3
Michael Porter Jr.|SF|25|DEN|81|2565|15.5|0.601|0.513|0.102|4.7|19.3|12.2|6.7|0.8|1.8|7.5|20.7|3.1|3.1|6.2|0.115|1.2|-1.2|0.1|1.3
Otto Porter Jr.|SF|30|TOR|15|174|8.7|0.568|0.697|0.091|3.7|14.8|9.2|5.8|1.4|2.5|5.5|8.9|0.1|0.1|0.3|0.07|-3.5|0.3|-3.2|-0.1
Bobby Portis|PF|28|MIL|82|2008|17.5|0.581|0.268|0.135|7.9|24.8|16.6|7.8|1.6|1.4|8.6|22.9|2.1|2.6|4.7|0.112|0|-0.8|-0.8|0.6
Kristaps Porziņģis|C|28|BOS|57|1690|23.2|0.647|0.39|0.402|6.5|19.1|13.1|10|1.2|5.8|9.1|25.1|4.9|3|7.9|0.226|3.5|1.6|5.1|3
Micah Potter|PF|25|UTA|16|186|11|0.609|0.525|0.2|6|19.4|12.7|4.2|1|2.9|10.3|10.9|0.2|0.1|0.3|0.075|-1.4|-0.9|-2.3|0
Dwight Powell|C|32|DAL|63|836|14.5|0.716|0.028|0.84|12.7|15.2|14|12.4|1.5|2.1|18.1|9.1|2.2|0.9|3.1|0.181|-1.1|0.8|-0.3|0.4
Norman Powell|SG|30|LAC|76|1990|13.9|0.626|0.5|0.224|0.9|9.8|5.5|5.9|1.1|1|7.3|20|2.8|1.3|4.1|0.099|0.4|-1.2|-0.8|0.6
Jason Preston|PG|24|UTA|7|71|10.5|0.316|0.158|0|9.4|16.9|13.2|28.7|1.4|1.3|9.5|12.4|0|0|0|0.026|-2.5|-0.1|-2.6|0
Joshua Primo|SG|21|LAC|2|10|-12.8|0.333|0.333|0|11.7|0|5.6|0|0|9|57.1|30.7|-0.1|0|-0.1|-0.585|-16.8|-8.2|-25|-0.1
Taurean Prince|PF|29|LAL|78|2108|8.8|0.579|0.622|0.119|1.2|10.5|6.1|7.2|1.3|1.4|10.8|13.8|0.3|1.7|1.9|0.043|-2.6|-0.2|-2.8|-0.4
Payton Pritchard|PG|26|BOS|82|1825|15.3|0.597|0.602|0.088|4.3|11.1|7.8|20.7|1.1|0.3|8.5|17.2|4.2|1.9|6.1|0.16|1.3|-0.2|1|1.4
Olivier-Maxence Prosper|PF|21|DAL|40|336|11.6|0.496|0.433|0.394|8.2|17.5|12.8|8.4|1|1|6.2|16.6|0.2|0.3|0.5|0.076|-1.7|-1.3|-2.9|-0.1
Trevelin Queen|SG|26|ORL|14|165|8.3|0.462|0.447|0.316|2.1|12.2|7.1|14.5|2.1|2.8|13.9|13.3|-0.1|0.3|0.2|0.056|-4.7|1.4|-3.4|-0.1
Neemias Queta|C|24|BOS|28|333|22.9|0.662|0|0.269|17.9|21.5|19.8|8.5|1.9|5.5|10.1|16.9|1.1|0.7|1.8|0.259|0.4|1.1|1.5|0.3
Immanuel Quickley|PG-SG|24|TOT|68|1985|16.7|0.577|0.484|0.274|0.9|13.7|7.2|24.6|1.2|0.5|9.2|23.8|3.5|1.2|4.7|0.115|2.2|-0.9|1.3|1.7
Lester Quinones|SG|23|GSW|37|394|10.3|0.533|0.624|0.206|5.8|13.8|9.9|12|0.7|0.5|10|18.3|0.3|0.3|0.6|0.068|-2|-1.3|-3.3|-0.1
Jahmi'us Ramsey|SG|22|TOR|7|121|10.6|0.538|0.537|0.146|3.6|16.7|10|9.1|2.8|0|13.8|17.9|-0.1|0.1|0.1|0.021|-3.9|-0.5|-4.4|-0.1
Julius Randle|PF|29|NYK|46|1630|18.9|0.569|0.292|0.361|6.8|22.4|14.6|22.8|0.8|0.7|14.1|29.9|1.9|1.9|3.8|0.113|2.2|-0.3|1.9|1.6
Duop Reath|C|27|POR|68|1214|15.1|0.571|0.491|0.186|8.1|15.4|11.5|8.9|1.3|2.8|8.8|20.7|1.4|1|2.4|0.095|-0.2|-0.7|-0.9|0.3
Austin Reaves|SG|25|LAL|82|2629|15.5|0.613|0.447|0.289|2.5|11.9|7.4|23.5|1.2|0.8|14.1|20.3|3.9|2|5.9|0.108|0.9|-0.4|0.4|1.6
Cam Reddish|SF|24|LAL|48|984|7.7|0.504|0.47|0.231|3.2|7.7|5.6|6|2.3|1.2|10.7|12.7|-0.3|0.9|0.6|0.03|-4|0.8|-3.2|-0.3
Paul Reed|C|24|PHI|82|1590|17.4|0.58|0.119|0.177|13.2|20.9|16.9|9.8|2.1|4.8|11.5|15.9|2.5|2.6|5.1|0.154|-0.6|1|0.4|0.9
Naz Reid|C|24|MIN|81|1964|16|0.595|0.479|0.174|4.4|19.3|12.2|8.3|1.6|3.3|10.8|23.1|1.1|3.8|4.9|0.12|0.4|1.1|1.5|1.7
Jared Rhoden|SG|24|DET|17|245|10.3|0.597|0.47|0.121|1.3|13.9|7.5|8|0.6|4.5|9.1|13.3|0.1|0.2|0.3|0.06|-2.9|0.4|-2.5|0
Nick Richards|C|26|CHO|67|1759|16.7|0.717|0.003|0.476|10.7|24.2|17.2|4.5|0.7|3.9|13.8|13.3|3.8|1.3|5.1|0.14|-1.6|-0.7|-2.3|-0.1
Josh Richardson|SG|30|MIA|43|1103|11.4|0.573|0.548|0.156|1.8|10.7|6.2|13.9|1.1|1.2|8.9|16.5|0.9|1.2|2.1|0.093|-1.3|0|-1.3|0.2
Duncan Robinson|SF|29|MIA|68|1905|12.2|0.612|0.701|0.133|0.9|9.5|5.1|15.1|1.2|0.8|11.7|19|1.6|2|3.6|0.091|-0.5|-0.4|-0.9|0.6
Jerome Robinson|SG|26|GSW|22|81|5.7|0.41|0.515|0.333|1.4|6.6|4|8|0.6|3.3|5|20.7|-0.1|0.1|-0.1|-0.04|-6.1|-2.2|-8.3|-0.1
Mitchell Robinson|C|25|NYK|31|768|16.1|0.554|0|0.52|20.7|17.7|19.2|3.1|2.4|4.3|13.8|10.2|1.2|1.3|2.5|0.155|-0.3|0.4|0|0.4
Orlando Robinson|C|23|MIA|36|304|14|0.596|0.208|0.347|10.4|21|15.7|15.8|1.1|2.6|17.8|14.8|0.4|0.5|0.9|0.135|-1.9|0.8|-1.1|0.1
Jeremiah Robinson-Earl|PF|23|NOP|39|334|11.8|0.564|0.411|0.168|7.8|17.5|12.7|8.4|1.5|1.2|13.6|15.4|0.2|0.4|0.6|0.086|-1.9|-0.3|-2.2|0
David Roddy|PF|22|TOT|65|1177|8.7|0.484|0.401|0.166|4.8|15.2|9.8|10.3|1.1|0.9|11.5|18.1|-0.9|1|0.1|0.004|-4|-1|-5|-0.9
Ryan Rollins|PG|21|TOT|13|78|22|0.638|0.148|0.63|2.7|15.4|8.9|25|6|3.1|18.8|23|0.1|0.1|0.3|0.155|0.6|5.1|5.7|0.2
Derrick Rose|PG|35|MEM|24|399|13.1|0.54|0.248|0.164|1.8|10.9|6.2|32.3|1|0.5|14.9|22.3|0.1|0.3|0.4|0.046|-1.3|-1.5|-2.8|-0.1
Terry Rozier|PG-SG|29|TOT|61|2040|17.3|0.555|0.411|0.198|1.9|12|6.8|27.5|1.5|1|8.9|25.9|2.3|1.6|3.9|0.091|2.2|-0.7|1.5|1.8
Rayan Rupert|SG|19|POR|39|633|5.8|0.451|0.484|0.155|4|12.8|8.1|13.5|0.9|0.4|15.3|13.6|-0.4|0.3|-0.1|-0.009|-5.6|-1.2|-6.7|-0.8
D'Angelo Russell|PG|27|LAL|76|2484|16|0.588|0.505|0.178|1.3|8.9|5.3|27.6|1.3|1.3|11.8|23|3.3|1.8|5.1|0.099|1.7|-0.8|0.9|1.8
Matt Ryan|SF|26|NOP|28|390|9|0.638|0.805|0.124|1.7|9.6|5.7|6.1|0.8|0.3|13.8|15.4|0.2|0.3|0.5|0.065|-1.4|-1.3|-2.7|-0.1
Domantas Sabonis|C|27|SAC|82|2928|23.2|0.637|0.081|0.389|11|32.3|21.4|33.9|1.2|1.5|17.9|22.2|8.6|4|12.6|0.206|4|2.4|6.5|6.2
Luka Šamanić|PF|24|UTA|43|404|8.9|0.485|0.405|0.354|6|21.6|13.9|6.5|0.6|1.5|13.3|21.8|-0.4|0.2|-0.2|-0.029|-4.9|-2.9|-7.8|-0.6
Jermaine Samuels|SF|25|HOU|14|60|15.1|0.672|0.143|0.143|5.3|18.1|11.6|7|0.8|3.1|0|10.5|0.1|0.1|0.2|0.178|-0.3|1.1|0.8|0
Adama Sanogo|PF|21|CHI|9|66|21.9|0.558|0|0.444|31.6|29.4|30.5|0|0.8|0|13.4|24.8|0.1|0.1|0.2|0.133|-0.4|-6.3|-6.7|-0.1
Gui Santos|PF|21|GSW|23|192|15.6|0.656|0.491|0.309|9.7|17.7|13.8|9.6|1|0.9|10.1|15.2|0.5|0.2|0.7|0.169|0|-0.5|-0.5|0.1
Dario Šarić|C|29|GSW|64|1098|15.3|0.6|0.508|0.24|7.3|20.4|13.9|17.8|1.4|0.8|15.4|19.5|1.6|1.2|2.8|0.123|0.6|0.4|1|0.9
Olivier Sarr|C|24|OKC|15|98|14.8|0.664|0.316|0.789|11.8|28.5|20.5|2.5|0|6.6|10.5|12.7|0.2|0.2|0.4|0.186|-2.6|-0.1|-2.6|0
Marcus Sasser|PG|23|DET|71|1351|11.8|0.542|0.469|0.129|0.9|9.6|5.2|25.4|1.6|0.8|14.3|19.9|0.3|0.6|0.9|0.033|-1.5|-1.1|-2.6|-0.2
Admiral Schofield|PF|26|ORL|23|84|6|0.484|0.615|0.077|4.2|19.7|11.9|11.6|0.6|0|15.7|16.6|-0.1|0.1|0|0.006|-4.1|-0.8|-4.9|-0.1
Dennis Schröder|PG|30|TOT|80|2486|13.3|0.55|0.397|0.23|1.7|9.2|5.3|28|1.2|0.6|13|20.3|2.3|1|3.3|0.063|-0.5|-1.3|-1.8|0.1
Dereon Seabron|SG|23|NOP|6|55|9.2|0.448|0.154|0.462|2|12|7.1|11.2|1.8|1.8|0|12.4|0|0.1|0.1|0.087|-2.7|1.2|-1.5|0
Alperen Sengun|C|21|HOU|63|2046|22|0.585|0.113|0.358|9.5|21.5|15.4|25.2|1.8|2.1|12.5|27|3.8|3.1|6.9|0.163|3.1|1.7|4.9|3.5
Brice Sensabaugh|SF|20|UTA|32|584|8.6|0.511|0.528|0.188|3|16.1|9.6|13|1.1|0.9|16.6|20.3|-0.5|0.2|-0.3|-0.024|-3.3|-2.1|-5.5|-0.5
Collin Sexton|SG|25|UTA|78|2075|19.9|0.607|0.313|0.356|3.8|7.1|5.4|29.5|1.4|0.8|12.1|27.5|5.2|0.3|5.5|0.127|3.8|-1.9|1.9|2
Landry Shamet|SG|26|WAS|46|726|10.5|0.556|0.573|0.168|2.3|6.9|4.6|10.2|1.6|1.1|9.3|18.8|0.1|0.2|0.3|0.022|-2.7|-1.3|-4|-0.4
Day'Ron Sharpe|C|22|BRK|61|921|20|0.596|0.051|0.418|18.6|27.9|23.1|14|1.3|4.3|16.7|19.7|1.6|1.3|2.9|0.152|-0.4|0.4|0|0.5
Shaedon Sharpe|SG|20|POR|32|1059|11.4|0.524|0.415|0.274|4.2|13.3|8.5|13.8|1.3|1|12.9|22.4|-0.2|0.6|0.5|0.022|-1.9|-0.9|-2.8|-0.2
Ben Sheppard|SG|22|IND|57|814|8.1|0.524|0.681|0.114|2.1|10.3|6.2|7.5|1.9|0.2|5.9|13.2|0.3|0.4|0.8|0.046|-3.3|-0.1|-3.4|-0.3
Pascal Siakam|PF|29|TOT|80|2657|19.7|0.601|0.194|0.312|5.8|18.1|11.9|19.4|1.1|0.8|8.9|25.3|5.4|1.5|6.9|0.124|2.6|-0.7|1.9|2.7
Ben Simmons|PG|27|BRK|15|359|16.3|0.571|0|0.203|9.2|27.6|18.1|33.2|1.7|2.3|25.1|13|0.5|0.5|1|0.133|-0.5|2.9|2.4|0.4
Kobi Simmons|PG|26|TOR|4|67|14.5|0.476|0.381|0|1.6|10.1|5.7|24.2|4.3|2.6|4.5|14|0.1|0.1|0.1|0.098|-2.6|1.6|-1|0
Anfernee Simons|SG|24|POR|46|1582|15.9|0.568|0.484|0.213|1.5|10.9|5.9|27.6|0.7|0.3|12.1|28|1.7|0.5|2.2|0.068|2.7|-2.5|0.2|0.8
Zavier Simpson|PG|26|MEM|7|161|6.3|0.377|0.315|0.074|2.6|11.3|6.8|22.5|2.1|1.7|15.2|17.5|-0.3|0.2|-0.2|-0.046|-6.2|0.3|-5.9|-0.2
Jericho Sims|C|25|NYK|45|585|10.9|0.702|0|0.436|10.7|17.5|14.1|5.4|0.7|3|19.6|6|0.9|0.7|1.5|0.127|-2.4|0.7|-1.8|0
Dmytro Skapintsev|C|25|NYK|2|2|-19.3|0|0|0|0|0|0|0|0|0|0|21.6|0|0|0|-0.483|-16|-9.8|-25.9|0
Jalen Slawson|SF|24|SAC|12|37|6.6|0.667|0.333|0|3|18.6|10.6|6.9|1.3|2.5|25|9.2|0|0|0|0.058|-7.5|1.1|-6.4|0
Javonte Smart|PG|24|PHI|1|1|0|NA|NA|NA|0|0|0|0|0|0|NA|0|0|0|0|0.005|-6.2|-2.1|-8.3|0
Marcus Smart|PG|29|MEM|20|605|11.8|0.552|0.565|0.236|1|8.9|4.8|22.7|3.3|0.8|19.2|22.9|-0.5|0.7|0.2|0.02|-3.3|0.9|-2.4|0
Dennis Smith Jr.|PG|26|BRK|56|1059|13.4|0.508|0.322|0.172|5|12.1|8.5|27.3|3.2|1|15.8|17.7|0.5|1.3|1.8|0.08|-2.6|1.8|-0.8|0.3
Dru Smith|SG|26|MIA|9|131|12.8|0.576|0.515|0.061|5.1|7|6.1|15|3.4|2.2|12.9|13.2|0.1|0.2|0.3|0.125|-1.8|3.2|1.4|0.1
Ish Smith|PG|35|CHO|43|741|6.8|0.435|0.051|0.025|1.6|10.2|5.8|26.4|1.1|0.5|22.7|12.3|-0.5|0.2|-0.4|-0.025|-5.6|-1.2|-6.8|-0.9
Jabari Smith Jr.|PF|20|HOU|76|2424|13.8|0.571|0.456|0.222|6.1|21.3|13.6|7.1|1|2.3|8.9|17.6|2.4|3.2|5.6|0.111|-0.5|0.1|-0.4|1
Jalen Smith|C|23|IND|61|1047|20.7|0.682|0.365|0.263|12.1|24.3|18.2|8|0.8|2.9|9.1|19.4|3.1|0.9|4|0.182|3.2|-0.8|2.4|1.2
Nick Smith Jr.|SG|19|CHO|51|729|8.1|0.511|0.505|0.052|2.7|8.6|5.5|12|0.7|0.9|11.7|20.3|-0.6|0.1|-0.5|-0.036|-3.1|-2.8|-5.9|-0.7
Terquavion Smith|PG|21|PHI|16|84|14.8|0.539|0.761|0.109|0|5.4|2.6|22.1|4.7|0|12.7|28.4|0|0.1|0.1|0.05|0.3|0.5|0.8|0.1
Jeremy Sochan|PF|20|SAS|74|2193|11.4|0.513|0.293|0.186|6.7|16.9|11.7|16|1.3|1.5|14.3|18.8|-0.5|1.9|1.4|0.03|-2.8|-0.6|-3.4|-0.8
Pat Spencer|PG|27|GSW|6|26|9.4|0.5|0.5|0|8.4|8.2|8.3|23.3|0|0|20|8.1|0|0|0|0.084|-3.4|-3.1|-6.4|0
Jaden Springer|SG-PG|21|TOT|49|507|10.7|0.49|0.324|0.284|7.1|9.8|8.4|11.5|3.5|2.7|17|17.1|-0.3|0.8|0.6|0.052|-4.9|1.5|-3.4|-0.2
Lamar Stevens|PF|26|TOT|38|559|14.6|0.516|0.192|0.225|6.9|18.2|12.4|7.9|2|3.6|8.3|22.2|0|0.8|0.8|0.068|-2.2|-0.1|-2.2|0
Isaiah Stewart|PF|22|DET|46|1423|11.3|0.6|0.458|0.223|5.7|18.4|11.9|7.1|0.6|2.3|13.6|14.5|0.9|0.8|1.7|0.056|-1.6|-0.7|-2.3|-0.1
Julian Strawther|SF|21|DEN|50|545|8.2|0.482|0.622|0.14|1|11.1|6.2|11.3|1.5|1.1|8.9|20.7|-0.4|0.6|0.2|0.015|-4.6|-1.4|-6|-0.6
Max Strus|SF|27|CLE|70|2239|11.7|0.553|0.658|0.133|3.4|13.5|8.5|17.3|1.4|1.2|12.7|17.4|1.2|2.6|3.9|0.083|-1.1|0.5|-0.6|0.8
Jalen Suggs|SG|22|ORL|75|2025|14.1|0.602|0.539|0.218|2.8|10.6|6.6|15|2.6|2.2|14.4|19.7|1.5|3.2|4.7|0.112|-0.6|1.6|1|1.5
Cole Swider|SF|24|MIA|18|87|7.1|0.54|0.789|0.053|1.3|7.9|4.6|8.8|0.6|1.1|17.1|24|-0.2|0.1|-0.1|-0.05|-2.1|-2.4|-4.5|-0.1
Jae'Sean Tate|SF|28|HOU|65|1031|9.3|0.538|0.336|0.17|6.3|14.3|10.2|8.2|2|1.3|13.1|11.7|0.4|1.3|1.8|0.082|-3.7|1.5|-2.3|-0.1
Jayson Tatum|PF|25|BOS|74|2645|22.3|0.604|0.427|0.349|2.9|20.9|12.3|21|1.4|1.4|10.3|30.2|6.4|4.1|10.4|0.189|4.5|0.6|5.1|4.7
Terry Taylor|PF|24|CHI|31|188|10.1|0.558|0.231|0.128|9.9|12.1|11|7|1.3|1.1|14.5|11.3|0.1|0.1|0.3|0.07|-3.1|-0.1|-3.2|0
Garrett Temple|SG|37|TOR|27|289|9.5|0.502|0.513|0.282|6.7|10.5|8.6|12.5|2|0.9|13.8|15|0|0.2|0.2|0.032|-3.4|-1.2|-4.7|-0.2
Dalen Terry|SG|21|CHI|59|681|10.2|0.512|0.471|0.274|4.7|14.1|9.3|15.6|2|2.7|15.4|13.4|0.1|0.7|0.8|0.06|-3.4|1.1|-2.3|0
Daniel Theis|C|31|TOT|60|1015|14.4|0.597|0.242|0.171|9.8|17.1|13.6|8.3|1|4.5|11.8|15.4|1.4|1.2|2.5|0.119|-1.7|0.1|-1.6|0.1
Cam Thomas|SG|22|BRK|66|2075|16.1|0.554|0.333|0.281|1.4|10.1|5.6|15.7|1.1|0.7|8.5|30.5|1.3|1.2|2.5|0.058|0.7|-1.9|-1.2|0.4
Isaiah Thomas|PG|34|PHO|6|19|6.7|0.4|0.4|0|0|0|0|21.9|0|0|0|22.8|0|0|0|-0.03|-1.6|-5.2|-6.9|0
Amen Thompson|SF|21|HOU|62|1388|18.2|0.576|0.13|0.348|11.3|20.4|15.8|17|2.7|2.5|14.9|18.5|1.9|2.4|4.3|0.149|-0.1|1.9|1.8|1.3
Ausar Thompson|SF|21|DET|63|1583|12.8|0.522|0.235|0.248|8.9|19.6|14.2|10.8|2.1|3.2|13.6|16.6|0.1|1.7|1.8|0.053|-2.8|0.6|-2.2|-0.1
Klay Thompson|SF|33|GSW|77|2284|13.9|0.576|0.611|0.121|1.7|10.2|6|11.2|1.1|1.4|8.9|24.2|1.8|1.7|3.6|0.075|1.1|-1.5|-0.4|0.9
Tristan Thompson|C|32|CLE|49|549|13.9|0.563|0.008|0.433|15.1|20.4|17.8|12.7|1.1|2.3|16.9|13.8|0.6|0.8|1.4|0.119|-2.1|0.6|-1.4|0.1
JT Thor|PF|21|CHO|63|781|9.1|0.519|0.443|0.109|6|15.3|10.5|5.1|0.7|3.2|7.3|11.7|0.2|0.3|0.6|0.034|-3.5|-1.1|-4.5|-0.5
Matisse Thybulle|SF|26|POR|65|1487|10.4|0.537|0.729|0.091|2.1|8.5|5.1|8.3|3.8|3|10.8|10.6|0.4|1.8|2.2|0.072|-2.8|3.4|0.6|0.9
Xavier Tillman Sr.|C-PF|25|TOT|54|974|12.2|0.472|0.29|0.179|7.7|16.1|11.8|11.3|2.6|4.2|10.1|14.8|-0.1|1.6|1.4|0.071|-3.1|1.9|-1.2|0.2
Jacob Toppin|SF|23|NYK|9|38|14.3|0.658|0.444|0.222|8.8|11.9|10.3|10.9|0|2.5|9.2|12.4|0.1|0|0.1|0.161|0.6|-1.3|-0.7|0
Obi Toppin|PF|25|IND|82|1730|16.5|0.677|0.437|0.173|5.6|15.4|10.5|9.4|1.3|2|10|16.8|3.6|1.1|4.8|0.132|1.8|-0.3|1.5|1.5
Juan Toscano-Anderson|SF|30|SAC|11|53|2.5|0.292|0.333|0|8.3|21.6|14.8|9|0.9|1.7|14.3|11.3|-0.1|0.1|0|-0.024|-8.7|-0.6|-9.4|-0.1
Karl-Anthony Towns|PF|28|MIN|62|2026|18.8|0.625|0.344|0.307|5.5|22.6|14.4|15.1|1|1.8|14.1|27.4|2.6|3.6|6.3|0.148|1.6|0.9|2.5|2.3
Gary Trent Jr.|SG|25|TOR|71|1994|12|0.548|0.535|0.113|1.4|9.2|5.2|8.6|1.9|0.4|5|20|0.8|0.9|1.7|0.04|-1.2|-1.4|-2.6|-0.3
Oscar Tshiebwe|PF|24|IND|8|42|24.8|0.553|0|0.4|21.6|21.6|21.6|6.4|2.2|1.9|0|23.5|0.1|0|0.2|0.221|4.5|-2.3|2.2|0
P.J. Tucker|PF|38|TOT|31|486|5.9|0.507|0.7|0.06|6.7|12.9|9.8|3.9|1.6|1.3|13.5|5.3|0.2|0.5|0.7|0.068|-4|0.4|-3.6|-0.2
Myles Turner|C|27|IND|77|2076|19.3|0.626|0.356|0.349|6.2|22.9|14.5|6.4|0.9|5.5|9.4|23.4|3.6|2.2|5.8|0.134|1|-0.1|0.9|1.5
Hunter Tyson|PF|23|DEN|18|48|6|0.5|0.7|0|2.4|18|10.4|5.6|1|0|9.1|20|0|0.1|0|0.007|-6.8|-2.1|-8.9|-0.1
Stanley Umude|SG|24|DET|24|307|11.4|0.647|0.631|0.381|2.9|15.9|9.3|4.9|1.3|2|12.5|15.6|0.3|0.2|0.5|0.085|-1.5|-0.1|-1.6|0
Jonas Valančiūnas|C|31|NOP|82|1925|19.8|0.619|0.167|0.285|10.9|30.6|20.9|13.3|0.8|3.5|12.1|20.8|3.9|3.1|7.1|0.177|0.7|0.5|1.2|1.6
Jarred Vanderbilt|PF|24|LAL|29|581|11.6|0.578|0.237|0.316|8.3|17.7|13.2|7.7|2.9|0.7|17.7|11.7|0.3|0.8|1.1|0.089|-2.9|1.3|-1.6|0
Fred VanVleet|PG|29|HOU|73|2684|16.7|0.568|0.576|0.225|1.3|9.9|5.6|31.1|1.8|2|10.1|19.7|5.3|3.1|8.4|0.15|2.6|0.8|3.4|3.6
Devin Vassell|SG|23|SAS|68|2248|15.7|0.578|0.422|0.19|1.3|11.3|6.3|19.1|1.5|0.8|8.6|23.5|2|1.6|3.6|0.077|0.9|-0.9|0|1.1
Sasha Vezenkov|PF|28|SAC|42|511|13.3|0.569|0.628|0.079|6.4|14.8|10.5|5.1|1.9|1.3|5.7|17.5|0.5|0.5|1|0.098|-0.2|-0.7|-0.9|0.1
Gabe Vincent|PG|27|LAL|11|218|3.1|0.341|0.571|0.041|2.1|2.4|2.3|11.6|2|0|9.1|10.9|-0.3|0.1|-0.1|-0.033|-6.9|0.4|-6.5|-0.2
Nikola Vučević|C|33|CHI|76|2610|17.7|0.54|0.258|0.107|8.8|25.8|17.1|15.2|1|2.4|8.6|23.3|2.7|2.8|5.4|0.1|0.8|-0.7|0.1|1.4
Tristan Vukcevic|C|20|WAS|10|153|13.9|0.554|0.537|0.328|4.1|21.5|12.6|12.1|1.5|3.7|11.5|23.9|0|0.1|0.1|0.045|-3.5|-0.1|-3.6|-0.1
Dean Wade|PF|27|CLE|54|1108|10.2|0.598|0.871|0.112|3.8|18.2|11.1|5|1.8|2|7.6|10.5|0.9|1.6|2.5|0.11|-1.7|1.8|0.1|0.6
Franz Wagner|SF|22|ORL|72|2337|17.6|0.575|0.305|0.291|3.6|15.7|9.6|18.8|1.6|1.1|10|25.7|3.1|3.2|6.4|0.131|0.9|0.3|1.2|1.9
Moritz Wagner|C|26|ORL|80|1415|20.6|0.676|0.208|0.37|9.6|19.3|14.4|11.2|1.4|1.4|13.1|22.8|3.5|2|5.6|0.188|1.7|0.3|2|1.4
Ish Wainright|SF|29|TOT|11|62|8.9|0.462|0.833|0.083|5.8|20.8|12.7|2|3.2|1.5|7.4|18.5|0|0.1|0|0.029|-2.9|0.5|-2.4|0
Jabari Walker|SF|21|POR|72|1700|13|0.546|0.273|0.336|9.4|25|16.7|6.2|1.2|1.2|10.2|16.3|1.4|1.6|2.9|0.083|-2.4|-0.9|-3.3|-0.6
Jarace Walker|PF|20|IND|33|340|11.8|0.527|0.5|0.082|4|17|10.5|13.9|2.1|2.6|13|16.1|0.1|0.3|0.4|0.058|-0.5|0.7|0.2|0.2
Lonnie Walker IV|SG|25|BRK|58|1011|13.1|0.545|0.551|0.12|1.4|12.7|6.9|11.5|1.6|1.8|9|24.4|-0.1|0.9|0.8|0.038|-0.4|-1|-1.4|0.2
Cason Wallace|SG|20|OKC|82|1692|12|0.612|0.529|0.084|3.6|8.6|6.2|8.9|2.2|2|8.9|12.9|1.9|2.1|4|0.115|-0.9|1|0.1|0.9
Jordan Walsh|SF|19|BOS|9|83|8.4|0.472|0.6|0.133|6.8|18.7|13|7.2|3|1.1|15.9|9.9|0|0.2|0.2|0.089|-5.6|1.8|-3.8|0
T.J. Warren|SF|30|MIN|11|125|9.2|0.479|0.317|0.098|4.8|14.8|10|10.1|1.6|0.7|8.6|16.5|0|0.2|0.2|0.06|-5|0.5|-4.5|-0.1
P.J. Washington|PF|25|TOT|73|2221|12.2|0.537|0.509|0.179|4.2|16.5|10.3|9.3|1.6|2.4|9.9|19.1|0|1.9|1.9|0.04|-1.7|-0.4|-2.1|-0.1
TyTy Washington Jr.|PG|22|MIL|11|56|4.6|0.35|0.3|0|2|7.7|4.9|11.4|2.6|0|9.1|17|-0.1|0.1|-0.1|-0.072|-7.1|-1|-8.2|-0.1
Yuta Watanabe|SF|29|TOT|34|464|4.7|0.474|0.733|0.147|2.8|10.1|6.5|4.2|1.3|1.3|13.3|13.3|-0.5|0.4|-0.1|-0.009|-5.3|-1.1|-6.4|-0.5
Lindy Waters III|SG|26|OKC|38|280|15.3|0.653|0.817|0.019|2.9|12.6|8|11.5|0.9|2.3|6.3|17.3|0.6|0.3|0.9|0.15|2.4|-0.5|1.9|0.3
Trendon Watford|PF|23|BRK|63|856|15.7|0.611|0.219|0.312|6.5|18.7|12.4|14.6|1.3|2|15.1|21.1|0.9|0.9|1.8|0.1|-0.9|0.4|-0.5|0.3
Peyton Watson|SF|21|DEN|80|1488|11.8|0.539|0.34|0.237|4.3|14.6|9.6|7.4|1.4|5|10.5|16.2|0.3|2.2|2.5|0.079|-3|0.8|-2.2|-0.1
Victor Wembanyama|C|20|SAS|71|2106|23.1|0.565|0.332|0.309|8.2|30.7|19.4|21.5|2|10|16.2|32.2|-0.7|4.4|3.7|0.085|1.9|3.3|5.2|3.8
Blake Wesley|SG|20|SAS|61|876|10.1|0.537|0.256|0.363|2.2|9.5|5.8|25.3|1.6|0.9|18.1|14.7|0.3|0.6|0.9|0.05|-4|0.1|-4|-0.4
Russell Westbrook|PG|35|LAC|68|1529|16.2|0.514|0.232|0.241|7.1|17.8|12.7|29.2|2.4|1.4|16.4|25.2|0.2|1.9|2.1|0.066|-0.2|0.7|0.5|1
Coby White|PG|23|CHI|79|2881|14.5|0.57|0.46|0.215|1.7|12.4|6.9|20.8|0.9|0.6|11.1|22.7|3.1|1.6|4.7|0.078|0.7|-1.3|-0.7|0.9
Derrick White|SG|29|BOS|73|2381|16.9|0.611|0.59|0.181|2.4|11.3|7|21.2|1.5|3.2|11|18.6|5.2|3.3|8.5|0.171|2.4|1.4|3.8|3.5
Jack White|SF|26|MEM|4|64|1.1|0.188|0.625|0|6.6|14.2|10.3|2|3.1|1.5|11.1|12.1|-0.2|0.1|-0.1|-0.1|-9.1|-1.2|-10.3|-0.1
Cam Whitmore|SF|19|HOU|47|880|16.6|0.561|0.471|0.24|5.3|16.7|11|6|1.7|1.8|8.2|27.1|0.4|1.1|1.5|0.082|1|-0.9|0.1|0.5
Aaron Wiggins|SG|25|OKC|78|1228|15.6|0.664|0.334|0.188|5.7|11|8.4|9.3|2.2|1.4|12.1|16.4|2.1|1.6|3.7|0.144|0.4|0.4|0.7|0.8
Andrew Wiggins|SF|28|GSW|71|1920|12.7|0.544|0.326|0.242|6.2|11.8|9|8.6|1.1|1.9|9.2|20.9|1.2|1.6|2.8|0.07|-1.4|-1.2|-2.5|-0.3
Lindell Wigginton|PG|25|MIL|3|8|5.6|0.51|0.4|0.4|0|0|0|0|0|0|14.5|37.1|0|0|0|-0.154|-14.6|-9.2|-23.9|0
Alondes Williams|SG|24|MIA|7|16|-7.9|0.296|0.5|0.125|0|7.1|3.5|0|0|6.1|19.2|29.1|-0.1|0|-0.1|-0.357|-17.8|-5.4|-23.2|-0.1
Brandon Williams|PG|24|DAL|17|113|9.3|0.439|0.278|0.315|3.9|8.7|6.3|20.9|0.4|0.8|10.2|26|-0.2|0.1|-0.1|-0.044|-2.7|-2.8|-5.5|-0.1
Grant Williams|PF|25|TOT|76|2130|10.6|0.588|0.555|0.231|4.4|12.2|8.3|11.3|1|1.6|14.1|15.9|1.3|1.3|2.6|0.059|-1.9|-0.7|-2.6|-0.3
Jalen Williams|PF|22|OKC|71|2223|19.1|0.621|0.243|0.223|1.9|11.8|7.1|21.3|1.7|1.9|10.1|23.7|4.5|2.7|7.3|0.157|2|0.3|2.3|2.4
Jaylin Williams|C|21|OKC|69|897|12.7|0.561|0.632|0.18|4.7|23.7|14.5|15|1.5|2.8|12.1|13.5|1|1.5|2.4|0.13|-0.8|1.9|1.1|0.7
Jeenathan Williams|SG|24|HOU|22|129|15.6|0.565|0.1|0.26|9.9|9.2|9.6|8.3|1.5|0.7|6.7|19.7|0.2|0.1|0.3|0.11|-0.8|-0.8|-1.6|0
Kenrich Williams|PF|29|OKC|69|1029|11.9|0.568|0.504|0.05|6.9|15.4|11.3|11.4|1.8|0.8|10.1|13.4|1.1|1.3|2.5|0.115|-1.1|0.3|-0.8|0.3
Malik Williams|C|25|TOR|7|107|4.9|0.272|0.147|0.059|15.1|24.1|19.5|2.4|1.4|3.3|7.9|15.1|-0.3|0.1|-0.2|-0.069|-7.8|-3.7|-11.5|-0.3
Mark Williams|C|22|CHO|19|508|22.5|0.675|0|0.424|16.3|24.6|20.4|6.8|1.6|3.7|8.7|17.1|1.6|0.5|2.1|0.198|1.6|-0.8|0.8|0.3
Patrick Williams|PF|22|CHI|43|1174|11|0.553|0.412|0.184|4.3|11.7|7.9|7.7|1.7|2.9|12.8|16.6|0.1|1|1.2|0.048|-2.1|-0.1|-2.3|-0.1
Robert Williams|C|26|POR|6|119|17.2|0.684|0|0.346|9.8|27|17.9|6.3|2.9|5.3|18.9|13.2|0.2|0.2|0.4|0.144|-2.2|2.9|0.7|0.1
Vince Williams Jr.|SG|23|MEM|52|1436|12.8|0.597|0.551|0.343|4.3|18.3|11|18|1.6|2.2|17.4|15.8|1.1|1.7|2.8|0.093|-1.7|1|-0.7|0.5
Ziaire Williams|SF|22|MEM|51|1038|9.3|0.511|0.5|0.198|3.5|15.9|9.5|11.1|1.7|0.8|13.8|19.7|-0.9|1.1|0.2|0.01|-4|-0.4|-4.5|-0.6
Zion Williamson|PF|23|NOP|70|2207|22.8|0.61|0.016|0.452|6.2|14.2|10.2|26.5|1.7|2.1|12.8|29.7|4.7|2.8|7.5|0.164|3.3|0.6|3.8|3.3
D.J. Wilson|PF|27|PHI|2|15|31.6|0.833|0.333|0|7.2|7.5|7.4|22.5|0|12.2|0|17.3|0.1|0|0.1|0.355|15.5|7|22.4|0.1
Jalen Wilson|PF|23|BRK|43|664|10.8|0.537|0.413|0.257|7.5|14.2|10.8|9.3|0.8|0.5|8.7|14.3|0.6|0.4|1.1|0.077|-1.8|-1.1|-2.9|-0.2
Dylan Windler|SF|27|TOT|17|108|14.2|0.717|0.9|0|2.9|13.4|8.1|12.3|0.9|0|6.3|12.5|0.3|0|0.3|0.14|1.7|-1|0.7|0.1
James Wiseman|C|22|DET|63|1091|14.8|0.637|0.007|0.334|11|23.5|17.2|7.3|0.5|3.1|15.9|16.3|1.3|0.8|2.1|0.094|-2.6|-0.9|-3.5|-0.4
Isaiah Wong|SG|23|IND|1|4|-1.1|0.333|0.333|0|0|0|0|0|0|0|0|31.4|0|0|0|-0.277|-11.3|-7.7|-19|0
Christian Wood|PF|28|LAL|50|872|12.3|0.568|0.432|0.356|5.2|26.1|16.2|7.4|0.9|3.3|14.1|17.6|0|1.1|1.2|0.064|-2.6|-0.2|-2.8|-0.2
Delon Wright|PG|31|TOT|47|742|13.6|0.505|0.362|0.239|2.7|10|6.3|20.8|3.5|1.3|6.3|12.8|0.8|0.9|1.7|0.109|-2|2.5|0.4|0.5
Thaddeus Young|PF|35|TOT|33|439|15.9|0.598|0.065|0.139|11.7|14.5|13|17.9|2.5|1|11.6|12.6|0.9|0.4|1.3|0.138|-0.5|0.8|0.3|0.2
Trae Young|PG|25|ATL|54|1942|20.3|0.585|0.465|0.404|1.2|7.3|4.2|45.1|1.8|0.5|16.5|30.5|4|0.6|4.6|0.114|4.9|-2.3|2.6|2.2
Omer Yurtseven|C|25|UTA|48|545|15|0.565|0.13|0.152|14.7|27.3|21|7.7|0.7|2.9|15.9|17.9|0.3|0.4|0.7|0.062|-1.6|-1.5|-3|-0.1
Cody Zeller|C|31|NOP|43|320|12.8|0.483|0.048|0.613|16.9|22|19.5|15.2|1.4|1.5|16.9|12.9|0.4|0.4|0.8|0.124|-2.9|0.3|-2.6|0
Ivica Zubac|C|26|LAC|68|1794|19.3|0.671|0|0.32|12.8|26.2|19.7|7.5|0.6|4.2|11.8|16.4|4.5|2.3|6.8|0.182|0.8|0|0.8|1.3
